0	0	0.4673186958398223	0.31565761334531145	0.001066442522277838	0.0018535311160825128	0.2041805900758367	0.0024206095104105955	4.194615562332821E-4	0.0012686327290718775	6.193713405069005E-4	0.003590422667806534	0.001604629296640063
1	1	0.25361624642990255	0.06978442124114217	6.562188837380195E-4	0.0011405416556078268	0.001188762080738364	0.22776330394493355	2.581091699292766E-4	7.806334949650246E-4	3.8112055848882337E-4	0.33030634907076806	0.11412429346978642
2	2	0.1599243317154923	0.43659897554905	8.124866779925746E-4	0.0014121429965537355	0.001471846327251151	0.3800564395682804	3.1957364719632325E-4	9.665285939974225E-4	4.718781860061218E-4	0.016743283663727716	0.0012225130744523947
3	3	0.12199251152677669	0.7046399701825931	6.792741781427234E-4	0.0011806129249700853	0.012941708522506586	0.013252996447772745	2.671774595636373E-4	8.08059915469828E-4	3.945106740392819E-4	0.14282110410047835	0.0010220740676870198
4	4	0.9827672455700334	0.0029818010424469297	0.0010286176887200154	0.001787789639635833	0.0018633747583759875	0.002334754764442477	4.045839953549513E-4	0.0012236365658275085	5.974033325029442E-4	0.003463076714344417	0.0015477159283154608
5	5	0.9745216756991066	0.002172664874250753	7.494938426478695E-4	0.0013026582583117862	0.0013577327351682444	0.014623019030987974	2.947968100079492E-4	8.915927479992368E-4	4.352930386074178E-4	0.0025233424453824	0.0011277305175297412
6	6	0.9759404464560463	0.0041630490430140795	0.0014361071794176986	0.0024960270126838636	0.0026015553667752167	0.003259673750670039	5.64860965136382E-4	0.0017083832763653977	8.340661688242292E-4	0.0048349832857074206	0.002160847495359343
7	7	0.4120658374635281	0.0023552712052105703	8.124866779925746E-4	0.0014121429965537355	0.001471846327251151	0.5761664995945304	3.1957364719632325E-4	9.665285939974225E-4	4.718781860061218E-4	0.0027354222332812827	0.0012225130744523947
8	8	0.16883435891020537	0.7892686452381563	3.571816858950562E-4	6.207998603499188E-4	6.47046366156932E-4	0.03160109102399264	1.4048950852368046E-4	4.249008900954961E-4	2.0744493488951442E-4	0.007360605962432869	5.374356193021117E-4
9	9	0.07264708683445484	0.08486134208157642	4.045108145273812E-4	7.030602830023373E-4	7.327846385943313E-4	9.181579918789249E-4	1.591053734545689E-4	4.812032977425323E-4	2.3493287280801903E-4	0.8382491661283265	6.086496836341122E-4
10	10	0.21595577743727803	0.7587797884493179	8.124866779925746E-4	0.0014121429965537355	0.001471846327251151	0.0018441809462267048	3.1957364719632325E-4	9.665285939974225E-4	4.718781860061218E-4	0.016743283663727716	0.0012225130744523947
11	11	0.6563626309777901	0.003404421972535567	0.021422042026147406	0.0020411792218212694	0.042622746900098575	0.2253896505093578	4.6192707827089665E-4	0.0013970667901043493	6.820753640792895E-4	0.044449180123134105	0.0017670790366605142
12	12	0.05738788703670072	0.0017813533385378421	6.145049679024955E-4	0.6473333162174287	0.25538150104998936	0.0013948023812124487	2.4170192463716282E-4	7.310109060479368E-4	3.5689383887747855E-4	0.03385240966130761	9.246186773583206E-4
13	13	0.2127059306046865	0.0015954232836711013	0.06697128457172646	0.019933968654587547	9.970053110178207E-4	0.0012492188646485998	2.164741098421084E-4	6.547111091860514E-4	0.12367277808519418	0.5711750944773822	8.281109280573562E-4
14	14	0.004323708309094793	0.8524684207199158	0.06284985408648848	0.0010458795880094987	0.0010900978400314228	0.0013658611153131606	2.3668676280239937E-4	7.158428927923081E-4	3.4948851778834173E-4	0.07464872674227876	9.054334254851383E-4
15	15	0.6810889623202128	0.0016262859719066555	5.610121177795453E-4	9.750674744126753E-4	0.030033063071702098	0.010945641455735684	2.2066169631618386E-4	0.049028661473096626	3.258261183055164E-4	0.22435068796893562	8.441303315966357E-4
16	16	0.7201768549444655	0.2611114734993921	6.017543790649283E-4	0.0010458795880094987	0.0010900978400314228	0.0013658611153131606	2.3668676280239937E-4	7.158428927923081E-4	3.4948851778834173E-4	0.012400627034855222	9.054334254851383E-4
17	17	0.04964743910245576	0.007819473136047052	0.3551679524357424	0.0943902121128062	0.2751555649624066	8.812813345780563E-4	1.5271510687353746E-4	0.060707483819506955	2.2549709038726076E-4	0.03477696197200493	0.12107541892719119
18	18	0.004997760707194593	0.18189728851654302	6.955659762586091E-4	0.001208928895230001	0.0012600406323541608	0.001578794526734907	2.735854776694152E-4	8.274405270578751E-4	4.0397266812476813E-4	0.7938179709807824	0.013038651092050277
19	19	0.6224675523287	0.0021179298611009195	7.306121661319746E-4	0.0012698409482224781	0.35401951581056607	0.0016583423117668904	2.873701205706846E-4	8.691312347836455E-4	4.243268880176153E-4	0.015056058243246675	0.0010993200868931502
20	20	0.0025984140495164463	0.431253773703631	3.6163564263374425E-4	6.285410627423464E-4	0.5617926567723235	8.208399961330763E-4	1.4224137380097204E-4	4.301992865627534E-4	2.100317157972268E-4	0.0012175291041711693	5.441372926877537E-4
21	21	0.4014142427999511	0.026922794214692417	0.02438440066446291	0.002323444791682996	0.0024216766230864524	0.32570054966211787	5.258049134892849E-4	0.001590260924861335	7.763965237659441E-4	0.21192898836734353	0.0020114405145461468
22	22	0.14798948650517324	0.6559047194270565	8.24029570024062E-4	0.029845943701072124	0.0014927566556326296	0.04449098884419908	3.241137882295397E-4	9.802599393942753E-4	4.785820977139918E-4	0.08801549974004999	0.029653619731454625
23	23	0.0911278263535267	0.026639385815189667	7.12658467405999E-4	0.0012386365105315578	0.0012910042419742175	0.038477842393639425	2.803084306526421E-4	8.477736375987363E-4	0.8359129304760891	0.0023993277296496794	0.001072305943742504
24	24	0.07809336557827244	0.45107446435721554	4.3483658183344126E-4	7.557680024964929E-4	7.877207630127374E-4	9.8699136941038E-4	1.7103334264413045E-4	0.4653250181077388	2.5254555305649217E-4	0.0014639768084937163	6.542795358257295E-4
25	25	0.30324349807195683	0.0013626817989265396	4.7007784306172303E-4	8.170190993836391E-4	0.041373981497821635	0.009171465933399145	1.8489471254418352E-4	5.592013863493038E-4	2.7301306701260587E-4	0.6418368610733811	7.073055161632932E-4
26	26	0.8371868877452716	0.0766917266781177	8.60713711606448E-4	0.0014959640235404886	0.016398541760253675	0.0019536465890400544	3.385426831730412E-4	0.0010238991432680279	4.998876115814404E-4	0.002897789572421579	0.06065240048172596
27	27	0.7020573886894395	0.1728711636766706	8.24029570024062E-4	0.0014322051275200106	0.0014927566556326296	0.0018703809838709106	3.241137882295397E-4	9.802599393942753E-4	4.785820977139918E-4	0.01698115330616971	0.10068796616533492
28	28	0.0016914576687358728	0.016916940127844792	0.23969465248623886	4.09153653124984E-4	0.07348181433191552	0.04517927573267355	9.259311947299306E-5	0.012455935254586407	0.024488509186706028	0.5852354580707524	3.542103679485403E-4
29	29	0.7142171791716292	0.27044376928367386	0.0011071553823817197	0.0019242921289367985	0.0020056483723290917	0.002513019494357013	4.35475058415665E-4	0.0013170644689387287	6.430166642928941E-4	0.003727491823184914	0.0016658881518600884
30	30	0.04154320612284324	0.0012895252420282704	4.448413744307844E-4	0.18483849108746941	0.07749973404400659	0.5838832586857409	1.74968506316814E-4	5.29180255906173E-4	0.015597134017321343	0.09353032735542902	6.693333085074623E-4
31	31	0.6476601228896379	0.0021179298611009195	7.306121661319746E-4	0.0012698409482224781	0.32882694524962813	0.0016583423117668904	2.873701205706846E-4	0.013465416515252624	4.243268880176153E-4	0.0024597729627776938	0.0010993200868931502
32	32	0.45115249707235455	0.032101893085580764	0.0015939710965576408	0.0027704024960437837	0.3326621872848446	0.168505321135439	6.269532420039303E-4	0.0018961771122633301	9.257507968600594E-4	0.005366468269368184	0.002398378408684192
33	33	0.03242057901057276	0.05852763957654913	0.7501578800862628	9.565632236282044E-4	9.970053110178207E-4	0.010737921580128271	2.164741098421084E-4	6.547111091860514E-4	3.196427839584369E-4	0.1441834722807971	8.281109280573562E-4
34	34	0.29840663447893345	0.43200250338105645	4.6257990025520433E-4	8.039872950358482E-4	8.379786963806054E-4	0.0010499631086454489	1.8194556273772906E-4	5.502818848793686E-4	2.6865839173465623E-4	0.26473944360991214	6.960236904291004E-4
35	35	0.014698391593665382	0.8109696875816335	0.05247517080191788	0.0010458795880094987	0.0010900978400314228	0.022115227684454345	0.02098605333194358	7.158428927923081E-4	3.4948851778834173E-4	0.06427404345770818	0.01128011671005573
36	36	0.8240081168162037	0.16586963850719766	7.306121661319746E-4	0.0012698409482224781	0.001323527957434623	0.0016583423117668904	2.873701205706846E-4	8.691312347836455E-4	4.243268880176153E-4	0.0024597729627776938	0.0010993200868931502
37	37	0.18080854538705535	0.17849343263981546	5.401155711946272E-4	0.447914047096677	9.784371132313323E-4	0.0012259534490073052	2.124425023443521E-4	6.425177886149029E-4	0.00962567515939162	0.16012217429173545	0.019436659000932693
38	38	0.07821973773561082	0.018009523496976595	4.8179186649075856E-4	0.29156285890066097	0.0839372047291637	0.13399664707748396	1.8950216432395814E-4	0.008879578600922408	2.7981636887126974E-4	0.35879908108866365	0.025644257970831953
39	39	0.9426631056662509	0.004889405395989697	0.0016866748673180821	0.002931526344814971	0.0030554669706862932	0.0038284118829772246	6.634162178695319E-4	0.0020064568837824485	0.03005909334627108	0.005678576716824402	0.0025378657072152736
40	40	0.11779503389502372	0.0013738158676535545	4.739187096644905E-4	8.236947200685174E-4	0.0171999260040979	0.0010756999198842084	1.8640543238967517E-4	5.637704549849603E-4	2.752437757913435E-4	0.8595194065207344	7.130846997072156E-4
41	41	0.290871525237766	0.07141124698923404	0.07766078994238038	0.05689231661776995	7.379310143048055E-4	0.10627020384151713	1.6022277683098686E-4	0.014530662486271042	2.3658281573331067E-4	0.38061559402358186	6.129242546104511E-4
42	42	0.8199674719415657	0.003035635355914884	0.037155777190482596	0.0018200669198784934	0.001897016674594639	0.002376907114002544	4.1188847386307547E-4	0.0012457284604636281	6.081890280644335E-4	0.12990565999404194	0.0015756588471280138
43	43	0.2022652256813639	0.019028637859054877	9.448383206976598E-4	0.017931876894220863	0.0017116056790013056	0.0021445924905508238	3.7163123572957825E-4	0.7504501750152061	5.487457270578862E-4	0.0031810143098938903	0.0014216567872231503
44	44	0.417737452740498	0.4632703153563191	7.040084907633903E-4	0.0012236024130293155	0.0012753345249227482	0.0137355758948468	2.7690615384156714E-4	8.374836845583401E-4	4.088759342800846E-4	0.026645442729577196	0.07388500207736348
45	45	0.821144056718791	0.005035845267539189	0.0017371915315976289	0.06292021856512758	0.003146979568737175	0.003943074525768425	6.832858293786014E-4	0.032016997011662524	0.0010089307441948942	0.005848652621284637	0.06251476761591832
46	46	0.32935585279141366	0.0017626786175165762	6.080628384307645E-4	0.0010568440098933378	0.001101525821559883	0.0013801800461678358	2.3916805563136133E-4	7.233473928983483E-4	0.5769426666085905	0.0754313026166693	0.011398371201228445
47	47	0.024815620673241057	0.03253094300818084	5.955754721691151E-4	0.0010351403348800342	0.2680509198413747	0.0013518362424451878	0.6471279857935593	7.084925074183514E-4	3.4589991571464267E-4	0.02254144991577464	8.961362952421921E-4
48	48	0.2784223350926192	0.6114224703627508	4.316009133672838E-4	0.04539682672024446	7.818592432154125E-4	9.796470543647015E-4	1.6976066408723044E-4	5.134294940017423E-4	2.5066633287026095E-4	0.06098199315510058	6.494109673782515E-4
49	49	0.15012225374110943	0.08889283686995642	8.359051654456898E-4	0.0014528455138288561	0.0159258828787435	0.05954378895753421	3.2878479077556817E-4	9.943870664680474E-4	0.6778312992430198	0.0028142659275647913	0.0012577498455537597
50	50	0.07422936924758769	0.010302097662619313	5.115351254940526E-4	0.8651743701754577	9.266626962777829E-4	0.0011610815996301658	2.0120101676874175E-4	6.085186859255558E-4	2.9709073838962496E-4	0.045818388580833515	7.696844710158325E-4
51	51	0.0025984140495164463	0.39384460424249007	3.6163564263374425E-4	6.285410627423464E-4	0.5992018262334644	8.208399961330763E-4	1.4224137380097204E-4	4.301992865627534E-4	2.100317157972268E-4	0.0012175291041711693	5.441372926877537E-4
52	52	0.15702759477566183	0.07455276940729916	0.198389198854617	0.08139111436830776	0.05942637241452893	0.06695325716016405	1.6727129462784142E-4	0.06649387621158297	2.469905631217188E-4	0.29471166694162126	6.398880084673874E-4
53	53	0.05869896536859529	0.10578352428036575	4.045108145273812E-4	7.030602830023373E-4	7.327846385943313E-4	9.181579918789249E-4	1.591053734545689E-4	4.812032977425323E-4	2.3493287280801903E-4	0.8312751053953967	6.086496836341122E-4
54	54	0.825413631522787	0.003271924507429712	0.0011287001971589878	0.09925980087388864	0.002044677512572445	0.00256192188005568	4.439492343289884E-4	0.0013426940332117792	6.555295194452442E-4	0.042719252476132556	0.021157918242988887
55	55	0.23193683650482808	0.05504564093503734	3.9088068629947225E-4	6.793704298139421E-4	7.080932132262548E-4	8.872203488954837E-4	1.5374426427268244E-4	4.649889904449968E-4	2.2701673047925176E-4	0.6954399320571641	0.014066275839538251
56	56	0.02886010355855772	0.0076019556097165495	7.148510707276764E-5	1.242447366153926E-4	0.011221594897738288	0.0013947120332093441	0.7900319342032106	0.03459378527598999	0.030852898634579125	0.07172307563213157	0.023524210311178684
57	57	0.6254170154953004	0.14625062501426417	0.17938729053821217	8.587788564247552E-4	0.02645125618120361	0.0011215178688744269	1.9434511374025952E-4	5.877834770845377E-4	2.8696740339972E-4	0.018700962496131807	7.434575553642164E-4
58	58	0.9827672455700334	0.0029818010424469297	0.0010286176887200154	0.001787789639635833	0.0018633747583759875	0.002334754764442477	4.045839953549513E-4	0.0012236365658275085	5.974033325029442E-4	0.003463076714344417	0.0015477159283154608
59	59	0.0024603543313429558	0.006896214019049437	3.424211087095626E-4	0.01240232329563838	0.8271227717166869	0.07752388430726698	1.3468376227126726E-4	4.0734180845130945E-4	1.988722473915445E-4	0.07199590737708589	5.15226026105687E-4
60	60	0.7798848598940031	0.07663642906858484	0.001066442522277838	0.09378475583790043	0.020318140632200863	0.0024206095104105955	4.194615562332821E-4	0.0012686327290718775	6.193713405069005E-4	0.02197666761217012	0.001604629296640063
61	61	0.4941444295939447	0.00354810337536178	0.00122397230443965	0.3608642667743305	0.002217266066931242	0.12939120832610926	4.814224085045763E-4	0.0014560290802856112	7.108619087364201E-4	0.004120782709640125	0.0018416574517161179
62	62	0.8980569762788954	0.03170327950468026	0.015470472827324971	0.016096434290183707	0.001536411860580468	0.01654742446341607	3.335923953408805E-4	0.0010089273369871378	4.925780825794663E-4	0.017477761862583967	0.0012761410974277939
63	63	0.35811742442379046	0.0025713891855829356	8.870398672553411E-4	0.44504488713543106	0.0016069018804971155	0.1396523155262399	3.4889749366440995E-4	0.016348429210347955	5.151773866738857E-4	0.03357284790155693	0.0013346899889601412
64	64	0.09838048517835275	0.0022303040451610496	7.69377352619693E-4	0.0013372168056875915	0.08098150415537905	0.09459870855556933	3.026175484555748E-4	9.152460354405554E-4	4.4684103671136264E-4	0.002590284829455672	0.7174474144571675
65	65	0.20991126661873208	0.07663642906858484	0.001066442522277838	0.0018535311160825128	0.001931895687837278	0.7010979173962267	4.194615562332821E-4	0.0012686327290718775	6.193713405069005E-4	0.003590422667806534	0.001604629296640063
66	66	0.06223101736469369	0.8075115774273967	3.465124428240778E-4	0.018524636004562063	6.277186815881608E-4	7.86513381690764E-4	1.362929979674202E-4	4.1220883152551696E-4	0.018123628252398834	0.07285613270918476	0.018443761906167953
67	67	0.16869472953095335	0.2644549731627893	6.346772566956138E-4	0.5044487929805419	0.0011497387151815093	0.05615207764484556	2.496362478408883E-4	7.550077227995596E-4	3.6860955471765294E-4	0.002136786147943487	9.549710356913171E-4
68	68	0.06726970995191438	0.02272957004467652	0.7973499370705086	0.0010568440098933378	0.011584971535139856	0.08524774575480762	2.3916805563136133E-4	7.233473928983483E-4	3.5315236169209535E-4	0.0020471826216095063	0.011398371201228445
69	69	0.7047655048940495	0.005532991999325981	0.0019086898693222662	0.0033173996627439296	0.0034576544454420354	0.0043323411750662965	7.507409037315498E-4	0.002270564411383535	0.03401573596828852	0.23677645472592418	0.002871921944722186
70	70	0.0029685888622054423	0.001197671181083984	0.007536246264906475	0.036333540910508035	7.484437143515327E-4	0.03655323510127179	1.6250533978175906E-4	0.00761457761081255	2.399532177489483E-4	0.9060235817118091	6.216560855203552E-4
71	71	0.02157199559300478	0.0010615622883572366	3.6620208120468034E-4	0.7140721816646889	0.15218955430889294	8.312048910079583E-4	1.4403748131675012E-4	4.3563149064817575E-4	2.1268382420432788E-4	0.10856393816412042	5.510082125537211E-4
72	72	0.3284307196772943	0.002172664874250753	7.494938426478695E-4	0.0013026582583117862	0.0013577327351682444	0.5961048794506191	2.947968100079492E-4	8.915927479992368E-4	4.352930386074178E-4	0.06713243804756364	0.0011277305175297412
73	73	0.6376040687373296	0.03420399234747531	9.150272808324024E-4	0.0015903637576872296	0.0016576020002633046	0.0020769274405311178	3.5990572318333764E-4	0.2535002865766992	5.314319915892262E-4	0.0030806486258113694	0.06447974551859786
74	74	0.08894220499846438	0.42173855792017095	6.955659762586091E-4	0.001208928895230001	0.0012600406323541608	0.001578794526734907	0.012265648947850812	8.274405270578751E-4	4.0397266812476813E-4	0.47003225728588466	0.0010465876218688783
75	75	0.5753720917370546	0.22612840488455851	0.0011744072159635033	0.14377462289310858	0.002127477279730769	0.0026656675973348544	4.6192707827089665E-4	0.0013970667901043493	6.820753640792895E-4	0.044449180123134105	0.0017670790366605142
76	76	0.20170858042804352	0.026639385815189667	7.12658467405999E-4	0.06267238877415202	0.06272475650559467	0.0016175910354671436	2.803084306526421E-4	0.5414647935574588	4.138996908507084E-4	0.06383307999327013	0.03793255730191478
77	77	0.18534378452575387	0.002322734659954236	8.012627011060951E-4	0.0013926351562616541	0.0014515137241390204	0.0018187047816622891	3.1515894437495314E-4	9.531766278754036E-4	4.653594946891733E-4	0.7486726369226098	0.0564630324615736
78	78	0.12184709984986546	8.390663889541181E-4	2.8944873162307764E-4	5.030765553384573E-4	5.243458928083796E-4	0.7841351442778187	1.138482504964617E-4	0.07519892693315842	1.681068085418121E-4	0.015945415498097415	4.355208132977027E-4
79	79	0.30244944013576713	0.1295571061451643	3.549955974031378E-4	6.170003278316299E-4	0.09244882168952949	0.031407680263733466	0.08582498278725241	4.223003341803292E-4	2.0617529256803781E-4	0.037917468071009146	0.3187940293555609
80	80	0.22064112684477769	0.022249968114142215	4.0735171009323424E-4	7.079979033792914E-4	7.379310143048055E-4	0.7313207495391131	1.6022277683098686E-4	4.845828076733801E-4	2.3658281573331067E-4	0.022440562219341462	6.129242546104511E-4
81	81	0.047448151500729674	0.8352748464853851	3.269783426480529E-4	0.017480338453546764	5.923320169461332E-4	0.04584093100200762	1.2860969212741028E-4	3.889711995870021E-4	1.8990335641350844E-4	0.046199603466226515	0.006129334484382145
82	82	0.00935841121279287	0.10679900314035781	0.634513268606873	6.659076403895479E-4	6.940612368490692E-4	8.696386876896984E-4	1.5069758080770094E-4	0.040088907869719206	2.2251803830171082E-4	0.007895433071647518	0.19874215291457187
83	83	0.19747610936405735	0.20474368421349196	0.019905526236025765	0.2234369798342442	0.0010162918943327714	0.039962412633105016	2.2066169631618386E-4	6.673761774810736E-4	3.258261183055164E-4	0.2920564873827974	0.020188644449842853
84	84	0.16177979271525758	0.0026113247299830765	9.008162415988614E-4	0.0015656642517495106	0.0016318582355113853	0.0020446712466876344	3.5431612551813845E-4	0.1097866964195869	5.231784662128429E-4	0.1117478954928625	0.6070537860750317
85	85	0.1454148735628238	0.0605250141912977	6.792741781427234E-4	0.0011806129249700853	0.2354541478649541	0.06009772051986696	2.671774595636373E-4	0.38727703351024706	3.945106740392819E-4	0.08426519901036059	0.024444436103734125
86	86	0.8325612470432523	0.14853091860763618	6.080628384307645E-4	0.011540289723473308	0.001101525821559883	0.0013801800461678358	2.3916805563136133E-4	7.233473928983483E-4	3.5315236169209535E-4	0.0020471826216095063	9.149254876484724E-4
87	87	0.29790551565067375	0.012246124331096548	6.080628384307645E-4	0.0010568440098933378	0.001101525821559883	0.0013801800461678358	2.3916805563136133E-4	7.233473928983483E-4	0.6083930037493305	0.0754313026166693	9.149254876484724E-4
88	88	0.5921374284614366	0.002144948241057115	0.02625388414143584	0.0012860402784520336	0.29475085526783706	0.01443647353127981	2.910360942406533E-4	0.0646650976548788	4.297400158537423E-4	0.002491152226904863	0.001113344086623584
89	89	0.13370369254480025	0.0019691091011799374	6.792741781427234E-4	0.23540423328544116	0.012941708522506586	0.0015418154297491922	2.671774595636373E-4	8.08059915469828E-4	0.3634411222327694	0.24822173326269034	0.0010220740676870198
90	90	0.16681925394016883	0.0013738158676535545	4.739187096644905E-4	8.236947200685174E-4	8.585193223828587E-4	0.0010756999198842084	1.8640543238967517E-4	5.637704549849603E-4	2.752437757913435E-4	0.8268365931573044	7.130846997072156E-4
91	91	0.014267532397362209	0.006896214019049437	3.424211087095626E-4	5.95145229619129E-4	0.8271227717166869	0.05390952817522847	1.3468376227126726E-4	4.0734180845130945E-4	1.988722473915445E-4	0.0956102635091244	5.15226026105687E-4
92	92	0.10903826952689194	0.12849801236372585	0.03577379167069345	0.05729469957546913	0.3402333154295673	9.311457255614722E-4	1.613559863514424E-4	0.14194224563965685	2.3825609780011678E-4	0.12868995448609735	0.05719895349818506
93	93	0.1612632373182604	0.006139048750572929	0.002117758377189317	0.003680771318158437	0.003836388920459249	0.2603887505041695	8.329733727463555E-4	0.11205435629317272	0.0012299573746814053	0.00712991795015535	0.4413268398204344
94	94	0.0046622973152654745	0.024255241062358723	6.488776821651566E-4	0.01231490558871633	0.05711107981901948	0.639138850367854	2.5522167081699627E-4	0.15739162683734606	0.022751103542311173	0.08049445832098152	9.763377931650459E-4
95	95	0.18391420328398086	0.002144948241057115	7.399325678448583E-4	0.0012860402784520336	0.0013404121715407634	0.40990272292194	2.910360942406533E-4	8.802187209013282E-4	4.297400158537423E-4	0.3979574016175651	0.001113344086623584
96	96	0.25742500039610994	0.14646581390091318	5.254369865627067E-4	0.019031067925091096	0.10965883735771158	0.17331203841127066	2.0666900604765888E-4	0.19992120638041952	3.051646984444452E-4	0.0923581629457008	7.906019917284685E-4
97	97	0.093071584174188	0.7322934914680556	3.288320823827663E-4	5.715268136165651E-4	0.040280820457165786	7.463825281869912E-4	1.2933881961223103E-4	3.911763956941634E-4	1.9097997633484086E-4	0.0634694360767963	0.06852643120796673
98	98	0.7722245727654796	0.18198565684965556	0.02686069808106816	0.0025593964730238694	0.002667603994774609	0.003342430774297894	5.792017292170315E-4	0.001751755934484494	8.552415498347959E-4	0.004957734473900204	0.0022157073742637536
99	99	0.24668375650745925	0.0030914492911305056	0.001066442522277838	0.020239776060446094	0.14902185524274594	0.0024206095104105955	4.194615562332821E-4	0.0012686327290718775	6.193713405069005E-4	0.5735640159430776	0.001604629296640063
100	100	0.1977749324566097	0.48079108554911393	0.002117758377189317	0.003680771318158437	0.003836388920459249	0.004806884535724312	8.329733727463555E-4	0.0025192708781247987	0.0012299573746814053	0.2992234790569498	0.003186498160242681
101	101	0.08121595435959353	6.688422599339407E-4	0.6804528157492545	0.016312643576710747	0.03224122573385568	5.237045097280445E-4	0.05180354183341464	2.7447164796557457E-4	1.340024331990447E-4	0.11215819090873652	0.02421460698760774
102	102	0.3193133405767393	0.2151485443476238	5.895221675106158E-4	0.35675730642083486	0.001067938786673334	0.0013380964613321099	2.318754931956818E-4	7.012915376066706E-4	3.4238426124427957E-4	0.10362267179406175	8.870281531777058E-4
103	103	0.039034094799252336	0.0010228164251925547	3.528361055246895E-4	6.132470215745971E-4	6.391742044573683E-4	8.008668210500974E-4	1.387802706915304E-4	0.7608136258225047	2.0492109709887045E-4	0.09851832193371639	0.09786131549893679
104	104	0.8510945025684238	0.03498629111717192	0.0017371915315976289	0.003019326865862124	0.003146979568737175	0.03389352037540115	6.832858293786014E-4	0.002066551162029798	0.0010089307441948942	0.005848652621284637	0.06251476761591832
105	105	0.8657697875011469	0.1038608626529608	9.766572272438922E-4	0.0016974797259366964	0.0017692466742394426	0.0022168149931121105	3.8414649818274476E-4	0.0011618247563119886	5.672255967079726E-4	0.0032881399363968505	0.018307814437760542
106	106	0.02961088971418518	0.8680947634401555	0.052500925146243264	0.009540039912840349	9.106010814729131E-4	0.009807332915462636	1.977136494206566E-4	5.979713823876437E-4	2.9194133826671535E-4	0.027691477698689074	7.563437208762149E-4
107	107	0.30986266754330977	0.024178756787864384	0.07574753164651693	0.06439415471601093	6.095121673002043E-4	7.637011450289646E-4	1.3233992075683897E-4	4.0025302042586417E-4	1.9541136226594832E-4	0.5232094119134183	5.062597771018302E-4
108	108	0.8419281768311516	0.13766656705667094	6.562188837380195E-4	0.0011405416556078268	0.001188762080738364	0.0014894845598377587	2.581091699292766E-4	7.806334949650246E-4	0.011694811527743614	0.002209310962379138	9.873837772385193E-4
109	109	0.0016914576687358728	0.12244135228638243	2.3540951109577988E-4	4.09153653124984E-4	4.264520683125334E-4	5.343321271383959E-4	9.259311947299306E-5	2.8004154398591157E-4	1.3672176550503373E-4	0.8733982758882974	3.542103679485403E-4
110	110	0.05533597552442864	0.014118992103426944	0.5172190649614735	0.07175417569799127	0.14753463368651334	0.013956390358744894	1.0167134214578867E-4	3.0749800628470156E-4	1.501265480475904E-4	0.1791325331142023	3.889386567409664E-4
111	111	0.708061789034751	0.03429149483177578	0.054747106358794664	0.08768203941946287	0.0011372941045770058	0.001424996671924287	0.011070793972047912	7.468356250963436E-4	3.6461977659416305E-4	0.08870453588989949	0.011768494315076481
112	112	0.3018643555000044	0.31817321353937206	0.05641202793101728	0.010250733611399583	9.784371132313323E-4	0.16884169052847525	2.124425023443521E-4	6.425177886149029E-4	3.1368976608784504E-4	0.12287423271852034	0.019436659000932693
113	113	0.1492583019520435	0.0013626817989265396	4.7007784306172303E-4	8.170190993836391E-4	0.02516501348519918	0.0010669819270879167	1.8489471254418352E-4	0.024872653405282986	2.7301306701260587E-4	0.03400056060003911	0.7625288021094186
114	114	0.020716290177506248	0.017080934736323772	8.481280589684867E-4	0.016096434290183707	0.045403446165649924	0.8500210762597357	3.335923953408805E-4	0.0010089273369871378	4.925780825794663E-4	0.04672245139929694	0.0012761410974277939
115	115	0.09779570123513559	0.25579575510316543	0.0010471886551610876	0.0018200669198784934	0.001897016674594639	0.002376907114002544	4.1188847386307547E-4	0.0012457284604636281	0.07282536609870745	0.09379707145872045	0.4709873098063076
116	116	0.2818007733766071	0.2602599256650104	5.556378457041177E-4	0.16381893859426908	0.029745358319718057	0.020420387279841322	2.1854784537598979E-4	0.03897938577475337	3.2270483419496104E-4	0.1838830951671592	0.0199952452973665
117	117	0.18884317506615372	0.30648155983137354	0.0024799465930484023	0.0043102727811527314	0.0044925047802330306	0.3049215631190105	9.75432088992131E-4	0.0029501275020163177	0.0014403100154344154	0.17937364133695458	0.0037314668856306492
118	118	0.1173726906017436	0.2033051238684408	3.9088068629947225E-4	0.15567792076928122	7.080932132262548E-4	0.32436245583995754	1.5374426427268244E-4	4.649889904449968E-4	2.2701673047925176E-4	0.19674894400844345	5.881410274106637E-4
119	119	0.41527549211621534	0.020715918337878746	0.0010286176887200154	0.001787789639635833	0.0018633747583759875	0.07327122394616975	4.045839953549513E-4	0.4623106862470547	5.974033325029442E-4	0.003463076714344417	0.01928183322374728
120	120	0.734489603433988	0.020715918337878746	0.0010286176887200154	0.037256024230499465	0.0018633747583759875	0.12647357583246518	4.045839953549513E-4	0.0012236365658275085	5.974033325029442E-4	0.003463076714344417	0.07248418511004272
121	121	0.04658709466746651	0.02601713632208951	0.1448912334655926	0.0400149589581112	0.5706913865457366	3.7360268235805727E-4	6.474070348019786E-5	1.9580382067823894E-4	0.0029333724391965884	0.16798300805783514	2.476623374553962E-4
122	122	0.005120573184458053	0.9112854184113244	7.12658467405999E-4	0.0012386365105315578	0.0012910042419742175	0.013904341488191236	2.803084306526421E-4	0.037708024995771014	4.138996908507084E-4	0.026972828635097864	0.001072305943742504
123	123	0.008944814992997117	0.0010615622883572366	3.6620208120468034E-4	0.6761906398646659	0.15218955430889294	8.312048910079583E-4	1.4403748131675012E-4	4.3563149064817575E-4	2.1268382420432788E-4	0.15275907026414723	0.006864598512557552
124	124	0.03965181596322851	0.010487073653623348	0.054386251994345734	0.027837803519004608	9.433010893685811E-4	0.0011819290257138295	2.0481361671553306E-4	6.19444746875451E-4	3.0242505529783493E-4	0.8456464596552896	0.018738681680536978
125	125	0.7167554861385562	0.091652387519606	0.0010286176887200154	0.001787789639635833	0.0018633747583759875	0.002334754764442477	4.045839953549513E-4	0.17856480952014567	5.974033325029442E-4	0.003463076714344417	0.0015477159283154608
126	126	0.010949627365595432	0.016756817647808946	4.4827940352439E-4	0.15535239330434478	0.4799891819668453	0.07057547131292795	1.763207789464714E-4	5.332701117967027E-4	2.603529109937341E-4	0.2565551157872539	0.008403169409962339
127	127	0.5737365224831229	0.001992442961368612	6.873235486387825E-4	0.0011946031385705845	0.0012451092037554189	0.0015600858778685733	2.703435012437491E-4	8.176353915469772E-4	3.991856089656688E-4	0.01416398995249035	0.4039327583324285
128	128	0.043996636759512216	0.0016748857484167	5.777773509639323E-4	0.01096550817509612	0.0010466626653944165	0.001311438095750244	2.2725592962480725E-4	6.873199841878865E-4	3.3556307527638564E-4	0.9383075959730127	8.693562427645523E-4
129	129	0.0627482707845169	0.8263871508683691	8.24029570024062E-4	0.0014322051275200106	0.0014927566556326296	0.0018703809838709106	3.241137882295397E-4	9.802599393942753E-4	4.785820977139918E-4	0.01698115330616971	0.08648109687855886
130	130	0.3063136122345977	0.16040988053899224	9.150272808324024E-4	0.0015903637576872296	0.14363922621571984	0.0020769274405311178	3.5990572318333764E-4	0.09574292633730307	5.314319915892262E-4	0.28704389705672445	0.0013768014228394013
131	131	0.8805975363875751	0.002879664428938378	0.03524671357398458	0.0017265518920937522	0.0017995479688589849	0.0022547816402740638	3.9072564646544793E-4	0.0011817229393917567	5.769402793307237E-4	0.003344454806682462	0.07000136043640472
132	132	0.0301018763268037	0.1183827210495156	2.3540951109577988E-4	4.09153653124984E-4	4.264520683125334E-4	5.343321271383959E-4	9.259311947299306E-5	2.8004154398591157E-4	1.3672176550503373E-4	0.8490464884670965	3.542103679485403E-4
133	133	0.06648874195045433	0.003271924507429712	0.07896715040970595	0.001961738108204959	0.002044677512572445	0.11931959719887611	4.439492343289884E-4	0.1181003693520322	6.555295194452442E-4	0.6070480165170979	0.0016983056898521468
134	134	0.9846702612640011	0.0026525202995960743	9.150272808324024E-4	0.0015903637576872296	0.0016576020002633046	0.0020769274405311178	3.5990572318333764E-4	0.001088510193665365	5.314319915892262E-4	0.0030806486258113694	0.0013768014228394013
135	135	0.7939235132014141	0.08613907372085863	0.0011986776023102277	0.0640815841666371	0.0021714438824739085	0.023386830409008057	4.714732974198061E-4	0.001425938675671054	6.961711839778463E-4	0.02470169623756042	0.0018035976226688285
136	136	0.6549377318437489	0.0038752043016198868	0.0935271704036805	0.002323444791682996	0.0024216766230864524	0.0030342908791024885	5.258049134892849E-4	0.04768544075100639	7.763965237659441E-4	0.18888139845427102	0.0020114405145461468
137	137	0.013443173579613417	0.0015954232836711013	5.503655633687617E-4	0.12430969852486394	0.1812823569051316	0.18153457045876237	2.164741098421084E-4	6.547111091860514E-4	3.196427839584369E-4	0.49526547275354493	8.281109280573562E-4
138	138	0.0034332391012126635	0.0013851333816021444	4.778228584906986E-4	0.3962551382632692	0.0914837425930548	0.0010845615505688066	0.12375814664752374	5.68414803720714E-4	0.07441963460056528	0.30641520709875436	7.189591012376379E-4
139	139	0.002614716444611329	0.026150817937902648	0.006637883504303186	6.324845161500472E-4	0.23907042578767573	8.259899290042959E-4	1.4313379318847263E-4	4.328983478383757E-4	2.1134945036459485E-4	0.7227327490903439	5.47551198617375E-4
140	140	0.6617444482019665	0.0016262859719066555	5.610121177795453E-4	9.750674744126753E-4	0.03970532013082521	0.0012733843966125742	2.2066169631618386E-4	0.010339633236604182	3.258261183055164E-4	0.28238423032367427	8.441303315966357E-4
141	141	0.15017176072319266	0.003404421972535567	0.0011744072159635033	0.8321942064393613	0.002127477279730769	0.0026656675973348544	4.6192707827089665E-4	0.0013970667901043493	6.820753640792895E-4	0.003953910502766298	0.0017670790366605142
142	142	0.2766876355360769	0.23449227905673337	0.04066294568169109	0.29826563823816565	0.008884044872992209	0.0010584041079230403	1.8340828304759925E-4	5.547057822091812E-4	2.708182250391584E-4	0.13823850096198223	7.016192541395988E-4
143	143	0.5996552945699456	0.383387217288965	0.00122397230443965	0.0021273258559274303	0.002217266066931242	0.0027781703549081735	4.814224085045763E-4	0.0014560290802856112	7.108619087364201E-4	0.004120782709640125	0.0018416574517161179
144	144	0.24162525492868497	0.13948921237938686	0.0011287001971589878	0.001961738108204959	0.6052926666598113	0.00256192188005568	4.439492343289884E-4	0.0013426940332117792	6.555295194452442E-4	0.003800027369859078	0.0016983056898521468
145	145	0.6317953696867149	0.0026950364837384183	9.296938861635898E-4	0.0016158550605758209	0.0016841710379776036	0.03416741561781727	3.656745076872965E-4	0.0011059574870345213	0.240968934653751	0.08327302195783193	0.0013988696207075928
146	146	0.27125132709876104	0.2584303405649075	0.01086372990656578	0.18586192015402003	0.0010789045470613779	0.1451059983239985	2.3425642656936695E-4	7.084925074183514E-4	0.041418517653301304	0.012273295481377974	0.07277321733601885
147	147	0.003775354768896126	0.0015231592567909976	0.6527673828851125	0.03714889975560637	9.518463746199421E-4	0.028369383767148485	2.0666900604765888E-4	0.018742888075266816	3.051646984444452E-4	0.25541864942033826	7.906019917284685E-4
148	148	0.1210215800920129	0.06411991843562631	0.3929554727812312	7.913646895065771E-4	8.24822425638947E-4	0.0010334786813136366	1.7908901627185835E-4	0.01624164867139788	2.644404533145674E-4	0.4018830886395229	6.850961141632065E-4
149	149	0.8317791975171476	0.00354810337536178	0.00122397230443965	0.0021273258559274303	0.002217266066931242	0.12939120832610926	4.814224085045763E-4	0.0014560290802856112	7.108619087364201E-4	0.004120782709640125	0.022943830446916297
150	150	0.8660707924357997	0.001880994435851337	6.488776821651566E-4	0.0011277822754626394	0.001175463252751024	0.0014728215123936664	0.1233135781166076	7.719004517943946E-4	3.768569158037928E-4	0.0021845951282056793	9.763377931650459E-4
151	151	0.004369035670434542	0.02272957004467652	6.080628384307645E-4	0.0010568440098933378	0.5252738115005585	0.305400105739987	2.3916805563136133E-4	7.233473928983483E-4	3.5315236169209535E-4	0.13833197689814913	9.149254876484724E-4
152	152	0.3075789782128729	0.38065500689394066	6.278075990813928E-4	0.0010911614039216364	0.0011372941045770058	0.04472043567969491	2.4693422010525735E-4	7.468356250963436E-4	3.6461977659416305E-4	0.26188629192098195	9.446345631338269E-4
153	153	0.5968822626807312	0.0024231577203521902	8.359051654456898E-4	0.0014528455138288561	0.0015142696871427946	0.0018973361911313836	3.2878479077556817E-4	0.36128471685648567	4.854792377866707E-4	0.0316374923107662	0.0012577498455537597
154	154	0.9623633147083049	0.003209469474946141	0.0011071553823817197	0.0019242921289367985	0.0020056483723290917	0.002513019494357013	4.35475058415665E-4	0.0013170644689387287	6.430166642928941E-4	0.003727491823184914	0.020754052423912067
155	155	0.7170411397229491	0.255576975716632	5.664913679117622E-4	9.8459068865133E-4	0.0010262177360747173	0.0012858211896913363	0.01975626347340494	6.738942559553401E-4	3.2900837185267907E-4	0.0019072227578873892	8.52374718989399E-4
156	156	0.7895748515267472	0.00354810337536178	0.00122397230443965	0.10763819083192833	0.002217266066931242	0.0027781703549081735	4.814224085045763E-4	0.0014560290802856112	0.042915207899136776	0.046325128700040484	0.0018416574517161179
157	157	0.5548772396618347	0.005356717417423865	0.001847881267260927	0.0032117112325738438	0.003347497663757454	0.1634884050169373	7.26823186348583E-4	0.0021982269143571136	0.001073217424935734	0.006221314933333255	0.2576509652812373
158	158	0.6506805989346236	0.012375866051000753	6.145049679024955E-4	0.011662553469654151	0.23419247562506354	0.0013948023812124487	2.4170192463716282E-4	7.310109060479368E-4	0.08511299553858076	0.0020688715239188813	9.246186773583206E-4
159	159	0.015502562472418437	0.05655131786906335	6.346772566956138E-4	0.001103101216784307	0.04491892930333434	0.0014405894096545214	2.496362478408883E-4	7.550077227995596E-4	3.6860955471765294E-4	0.04590597673609632	0.832569592210595
160	160	0.004769000099657039	0.013367198750657788	0.13798159160162218	0.0011535930508898746	0.06986129702147943	0.31047172184536803	2.610627532430513E-4	7.89566405274E-4	3.854817802245622E-4	0.4599608041284499	9.98682563134203E-4
161	161	0.08626006735192011	0.13668969460661634	7.797200468789116E-4	0.0013551929321389663	0.0014124884978031723	0.001769807299976706	3.066856182661732E-4	0.09502813573501329	4.528478943468802E-4	0.20426921894933436	0.4716761410677052
162	162	0.0648383070877184	0.04518059016389347	5.070632144683506E-4	0.018365578982153685	0.8314217398002256	0.0011509312632244089	1.9944208957014208E-4	6.031989311612902E-4	0.017778770964001656	0.0017071442869226684	0.018247233216660448
163	163	0.676610265787974	0.003404421972535567	0.0011744072159635033	0.02228881403200517	0.002127477279730769	0.2658849201297256	4.6192707827089665E-4	0.0013970667901043493	6.820753640792895E-4	0.024201545312950202	0.0017670790366605142
164	164	0.05533597552442864	7.493220628545088E-4	2.584900593393756E-4	4.4926881493827366E-4	0.5263419515027323	5.86720318172458E-4	1.0167134214578867E-4	0.10726485833086417	1.501265480475904E-4	0.20141531651515635	0.10734629898132045
165	165	0.00988054023808686	0.2801350426036101	4.045108145273812E-4	7.030602830023373E-4	7.327846385943313E-4	0.028814400923598032	0.007133166106384345	0.6141985477955628	2.3493287280801903E-4	0.057154364040191565	6.086496836341122E-4
166	166	0.023500868732314863	0.0011564825276502951	3.98946263584553E-4	6.9338881163459E-4	0.09701643784042789	0.07656488967292832	0.05518190729127625	4.7458374600749714E-4	0.7430690743230423	0.0013431438432811506	6.002769478523127E-4
167	167	0.0639993983770473	0.00654828838746636	0.10683426251129052	5.651191487395463E-4	0.639643714307085	7.380144709117416E-4	1.2788873924518744E-4	3.867907270051525E-4	1.8883880700136554E-4	0.18047845252033595	4.892320038717933E-4
168	168	0.9846702612640011	0.0026525202995960743	9.150272808324024E-4	0.0015903637576872296	0.0016576020002633046	0.0020769274405311178	3.5990572318333764E-4	0.001088510193665365	5.314319915892262E-4	0.0030806486258113694	0.0013768014228394013
169	169	0.15818742454434653	0.06771727499039952	4.2841304318287426E-4	0.19278456971996677	0.06725145721068508	0.008358563776126909	1.6850678592625278E-4	0.022668094858474368	2.4881487309794955E-4	0.48154226587888443	6.446143189092249E-4
