0	0	0.020968351763347323	0.0012307370137338268	5.819114453709144E-4	0.0036167264579198117	0.0011678044967032067	9.140752390421123E-4	5.814699746545152E-4	0.3554475533774534	0.2044564682469049	0.4097940493101127	0.001240852674757379
1	1	0.0015715945930282252	7.568931906355009E-4	3.5787077632278236E-4	0.330613590900906	7.181902077248637E-4	5.621487908781798E-4	3.575992754453578E-4	0.5469866699416938	0.0011775832090465982	0.11613474487494413	7.631142393746425E-4
2	2	0.3945990996500869	9.373337787989388E-4	4.431858698724695E-4	0.08689440684930014	8.894041453034135E-4	6.961630213091051E-4	4.428496441717602E-4	0.07438372607207111	0.0014583147699599045	0.43831047829615916	9.450379029671797E-4
3	3	0.36500827808854003	7.835100538658138E-4	3.704556398482577E-4	0.307073986212084	7.434460440421552E-4	5.81917283536077E-4	3.701745913862985E-4	0.22628451780151881	0.09499484355339927	0.002998920860125488	7.899498716538615E-4
4	4	0.002464707641592913	0.001187023955862806	5.612432372944086E-4	0.003488268329827068	0.0011263266627087984	8.816093073468487E-4	5.608174466418727E-4	0.9821430485161751	0.0018467856448628858	0.004543388926717341	0.00119678033097004
5	5	0.0017952083918080274	0.039669494136400446	4.087902972480984E-4	0.0025407348412879328	8.203776556253846E-4	6.421339391889343E-4	4.084801659612526E-4	0.2626353522639268	0.0013451352329097211	0.6888625993879005	8.716936877428888E-4
6	6	0.12748229506671996	0.0016581842718518143	7.840151027856308E-4	0.0048728516825203546	0.0015733946630533994	0.0012315426998254085	7.834203048797846E-4	0.13158805053679742	0.0025798223318647864	0.7257746101367121	0.0016718132029893858
7	7	0.7031120474174173	9.373337787989388E-4	4.431858698724695E-4	0.030801143618876405	8.894041453034135E-4	6.961630213091051E-4	4.428496441717602E-4	0.11645367349488892	0.0014583147699599045	0.1438208463364346	9.450379029671797E-4
8	8	8.550759848241213E-4	4.118117950140459E-4	1.9471096926742873E-4	0.0012101778024796342	3.907542071508953E-4	0.006466911931813557	1.9456325058655885E-4	0.07580742884149054	0.5243305479816213	0.3897228206814617	4.1519655429029823E-4
9	9	9.684418709204601E-4	4.664097604291239E-4	2.2052572954071525E-4	0.7619605591509349	4.4256035973351657E-4	3.4640512838921537E-4	2.2035842633233319E-4	0.0021232980938906683	7.256457175359635E-4	0.23205555249155121	4.7024327074199216E-4
10	10	0.07206283607515042	9.373337787989388E-4	0.014466501677478401	0.0027545120036645424	8.894041453034135E-4	6.961630213091051E-4	4.428496441717602E-4	0.5651997793382787	0.015481630577565837	0.32612395183531173	9.450379029671797E-4
11	11	0.2056139947293474	0.0013555333766156297	6.409170908428631E-4	0.06482328090128857	0.001286219521293581	0.0010067621932490823	6.404308551286532E-4	0.4928895274555386	0.002108954557068431	0.2282677045570039	0.0013666747626233154
12	12	0.0014716095813205505	7.087395670083479E-4	3.3510300025686826E-4	0.8927642079552416	6.724988719018357E-4	5.26384826248403E-4	3.3484877229354536E-4	0.02443318912247156	0.06472276940385416	0.013316084067424407	7.145648319787132E-4
13	13	0.001317894507302394	6.347090929035766E-4	3.001002501103464E-4	0.08732732156717633	0.01959383671557799	0.1903872304093786	2.9987257719986887E-4	0.6391074943718004	0.02947486203628348	0.03091675258490563	6.399258873614766E-4
14	14	0.0014410496712582343	0.8417298325363627	3.2814414535442006E-4	0.022805814977051014	0.011041691706609232	5.154537524415282E-4	3.2789519676940045E-4	0.013542643629491756	0.0010797669474072443	0.10648798148460638	6.997259526481179E-4
15	15	0.05942114462674684	6.469965820914276E-4	0.06806326941994445	0.29228999099557756	6.139130533059452E-4	4.8052796725471276E-4	3.0567788405819706E-4	0.4966061688242547	0.0010066047902237117	0.07991339148678822	6.523143697542672E-4
16	16	0.0014410496712582343	6.940216569727635E-4	3.2814414535442006E-4	0.04357213129506065	6.585335476044175E-4	5.154537524415282E-4	3.2789519676940045E-4	0.0031594854704869407	0.0010797669474072443	0.9475237923639963	6.997259526481179E-4
17	17	9.295251300435915E-4	0.20806965653552129	2.1166392489253177E-4	0.101777797637184	0.2750216008126428	3.324848725383108E-4	2.1150334474704483E-4	0.1091977100370336	0.027486419832891427	0.028503400700700066	0.24825823717180534
18	18	0.049679469575419063	8.023196044901522E-4	3.7934908553847834E-4	0.12239163198869484	7.612937869433202E-4	5.958872416110807E-4	3.7906129000895184E-4	0.015655892537934615	0.02525503449218164	0.17111834967177467	0.6129817107254032
19	19	0.0017499376146140285	8.427846916844807E-4	3.984816029760374E-4	0.0024766637053497066	7.99689732021514E-4	6.259408873837065E-4	3.9817929244384705E-4	0.003836718870907557	0.3795746297534375	0.6084472621502148	8.497116989669341E-4
20	20	0.1256241716859597	4.1694949422802077E-4	1.971401527096452E-4	0.0012252757904922344	3.9562919520913693E-4	3.096707130377993E-4	1.969905911137355E-4	0.001898133661543661	0.7055338125392363	0.16378184969524084	4.203764812288882E-4
21	21	0.5111725658520044	0.0015433245507093399	7.297076548100939E-4	0.00453531719077302	0.001464408179878313	0.0011462357448155025	7.291540575854755E-4	0.33027826985069036	0.0024011222448689076	0.14444388524585816	0.001556009428006512
22	22	0.27220649502626837	0.015173431406909002	4.494891988601938E-4	0.031239221081688542	0.04357035237938601	7.060643851627453E-4	4.4914819109997E-4	0.14655549915813665	0.17215224982755276	0.31653957038887287	9.584789560629955E-4
23	23	0.014005532755837853	0.07461388753856907	3.8868004033514237E-4	0.002415744520456054	7.800195416208777E-4	6.105444455621308E-4	3.883851658190595E-4	0.003742346031439317	0.837586403204262	0.06463964565174353	8.288111043549752E-4
24	24	0.04604902801153523	5.013966647603911E-4	2.370680776144888E-4	0.0014734379181870014	0.007977081607445586	3.723900972193338E-4	2.368882244514476E-4	0.032287867006085526	7.800787492856979E-4	0.9095792459043373	5.055177390780217E-4
25	25	0.0335641356315073	5.42058203420293E-4	2.562934803354198E-4	0.7314618600926773	5.143405945910581E-4	4.025896485902721E-4	2.560990417017201E-4	0.01057733717904954	0.00895299523681426	0.21292577740867388	5.46513482638881E-4
26	26	0.0020619166717483362	9.930364328226613E-4	4.695229439607853E-4	0.0029182035643601574	9.422584993378771E-4	7.375336928854342E-4	0.015325841937823916	0.8662078911242905	0.0015449776054685623	0.10779761913962899	0.0010011983876727852
27	27	0.0019739381958255144	9.506652579383271E-4	4.494891988601938E-4	0.0027936887837471955	9.020539324739891E-4	7.060643851627453E-4	4.4914819109997E-4	0.5590157174782863	0.05837012063578733	0.37343063498475554	9.584789560629955E-4
28	28	5.634660711541869E-4	0.6579796412852508	1.2830792445458323E-4	0.07793609053391275	0.1464148873865944	2.015480149940398E-4	1.2821058285427742E-4	0.0783740175401614	4.2220060262494784E-4	0.037578029611541434	2.73600446457201E-4
29	29	0.3276400141765367	0.001277792699461875	6.041600994614057E-4	0.0037550074567595836	0.0012124540365930927	9.490237590753762E-4	6.037017496660016E-4	0.3881545173993081	0.0019880047094428892	0.2725270287936007	0.0012882951200942992
30	30	0.06245720992379366	0.8062849625732256	2.4252587259800497E-4	0.01685539801919689	4.8671117717282754E-4	3.8096328355874404E-4	2.4234187884505012E-4	0.07140129646654567	7.980377673341862E-4	0.024985358711943156	0.01586519432578627
31	31	0.0017499376146140285	8.427846916844807E-4	3.984816029760374E-4	0.0024766637053497066	7.99689732021514E-4	6.259408873837065E-4	3.9817929244384705E-4	0.003836718870907557	0.3291395076800553	0.6588823842235969	8.497116989669341E-4
32	32	0.22414843246744823	0.001840854930347968	8.703846079895612E-4	0.005409659949677547	0.0017467246385291187	0.0013672132159207046	8.697242853245085E-4	0.6142772112273548	0.0028640234620796665	0.1447497859490422	0.0018559852662858147
33	33	0.01081368592874351	6.347090929035766E-4	3.001002501103464E-4	0.07783153014573523	0.8932066474881607	4.714019805562731E-4	2.9987257719986887E-4	0.0028894691352455808	9.87487771960136E-4	0.011925169742023395	6.399258873614766E-4
34	34	0.09687020611936568	5.334067147771732E-4	2.522029230475924E-4	0.38461811841572296	5.061314912425201E-4	3.961641397599672E-4	2.520115877404739E-4	0.33759758399566653	8.298803565492741E-4	0.1696262822533916	0.00851801200273628
35	35	0.0014410496712582343	0.8417298325363627	3.2814414535442006E-4	0.0020394986590413873	6.585335476044175E-4	0.010898611911446343	3.2789519676940045E-4	0.0031594854704869407	0.0010797669474072443	0.13763745596162083	6.997259526481179E-4
36	36	0.0017499376146140285	8.427846916844807E-4	3.984816029760374E-4	0.0024766637053497066	7.99689732021514E-4	6.259408873837065E-4	3.9817929244384705E-4	0.04166306042594418	0.0013112142030712165	0.9488843361455443	8.497116989669341E-4
37	37	0.038568581777114315	6.228796229433056E-4	2.9450709423241495E-4	0.6168720558374243	0.02854746656087386	4.626161672907148E-4	2.9428366460423065E-4	0.29171880141600187	9.69083345325725E-4	0.02102172532544599	6.279991887431972E-4
38	38	0.0011535819093249334	0.07536244150302446	2.6268431774543343E-4	0.7580131908063724	0.008839040079698279	4.1262847198807266E-4	2.624850306634136E-4	0.11058357865133588	0.04242374007335547	0.0021264880200967933	5.60141136394858E-4
39	39	0.0040451176326680984	0.0019481627164335085	9.211213845744691E-4	0.005725001817798456	0.0018485453473593334	0.001446911306676618	9.204225701401189E-4	0.00886887568258925	0.032177156273464784	0.8526959638951183	0.08940272137317712
40	40	0.0011347186325398344	5.464900490664917E-4	0.8423821658152473	0.042485747360915795	5.185458222039205E-4	4.058812050505403E-4	2.58192896966339E-4	0.09242340704345642	8.502355598567702E-4	0.018443633860231356	5.509817544652997E-4
41	41	0.057190626307692415	4.696871856263948E-4	2.220753467313553E-4	0.3738071419824883	0.14098411837426134	3.488392903484379E-4	0.007248829276757246	0.35348433878789415	7.307447736894109E-4	0.06504005104079219	4.735476337187851E-4
42	42	0.0025092694941196633	0.0012084853193017136	5.713905009900678E-4	0.0939512111024391	0.001146690620605297	8.975487815778819E-4	5.709570120531815E-4	0.24054122053869664	0.0018801754831407078	0.0046255332848989875	0.6520975178621767
43	43	0.00226370329979873	0.001090218572167104	5.154721585688646E-4	0.0032037895268217614	0.017345074531530492	0.7674080620535916	5.150810924282387E-4	0.20069038291729913	0.0016961747055708324	0.0041728618567645	0.0010991792854588623
44	44	0.26896899591116497	8.120671618545416E-4	3.8395788102561437E-4	0.002386395108876091	7.705429126257207E-4	6.031268067891034E-4	3.836665890048921E-4	0.44106879850965136	0.0012634235137128497	0.2825402839093636	8.187416959312873E-4
45	45	0.06420892693555363	0.0020066488698295723	0.060991144618034954	0.005896873156718997	0.0019040408692853265	0.21163864457150722	9.480547464323356E-4	0.15924105503537092	0.0031219675970127624	0.48801950170264224	0.0020231418976120945
46	46	0.0014561693074841306	7.013034011038729E-4	3.315870663073699E-4	0.08599769156389717	6.654429469685866E-4	0.7979204076275014	3.313355057290793E-4	0.003192635105733765	0.0010910959694244307	0.1076052639590345	7.07067546815806E-4
47	47	0.0014262407875878856	6.868895738892995E-4	3.247719864534596E-4	0.043124364201054574	0.021204678336732924	5.101567145880818E-4	3.245255961776426E-4	0.00312701715678215	0.9259497188794293	0.0026291015176840567	6.925352496206211E-4
48	48	0.0010333364364970175	4.97663529697636E-4	2.3530299376969393E-4	0.7683461316262225	4.7221599849582525E-4	3.6961747700332853E-4	2.351244796984263E-4	0.16606597299573198	7.742706944354322E-4	0.06146860984777832	5.017539206698982E-4
49	49	0.0020024181204856433	9.6438142948835E-4	4.559744163539088E-4	0.017261967864931844	9.150687411901699E-4	7.162514622136687E-4	4.5562848854333076E-4	0.047674195042775744	0.001500395818765834	0.30667862257162687	0.6213750960436246
50	50	0.38954073638758296	5.898967973231245E-4	2.789123054880445E-4	0.26649434378855985	5.597330094223938E-4	4.3811963888812334E-4	0.3268170619449422	0.0026854642668626898	9.177682824902059E-4	0.011083218307419008	5.94745271021414E-4
51	51	0.09443456470906601	4.1694949422802077E-4	1.971401527096452E-4	0.0012252757904922344	3.9562919520913693E-4	3.096707130377993E-4	1.969905911137355E-4	0.001898133661543661	0.7491992623068875	0.15130600690448337	4.203764812288882E-4
52	52	0.1844239019545733	0.07385265242386209	2.3185052043673299E-4	0.016113467652156894	0.22788838903761757	0.11774385962641105	2.316746256057085E-4	0.01690479527080286	7.629102400603899E-4	0.2953260449338781	0.06652045371459533
53	53	9.684418709204601E-4	4.664097604291239E-4	2.2052572954071525E-4	0.7898721164390048	4.4256035973351657E-4	3.4640512838921537E-4	2.2035842633233319E-4	0.0021232980938906683	7.256457175359635E-4	0.20414399520348117	4.7024327074199216E-4
54	54	0.0027048866242267836	0.0013026961764824108	6.159348475563024E-4	0.0038281904871139867	0.0012360840990057736	0.07892532000453066	6.154675647754446E-4	0.16184603460414052	0.0020267498279736003	0.6091590819656799	0.13773955379851469
55	55	9.357925854715353E-4	4.506855896124061E-4	0.04741158695200183	0.14291990250541325	0.1285378432583288	3.3472669909226496E-4	2.129294361384642E-4	0.6358600877794685	7.011818701146375E-4	0.028695588934952623	0.013939674389405814
56	56	1.7085503537708283E-4	8.228522383340822E-5	0.850699565772615	0.0482530472968016	0.008695479416549393	6.111369431960804E-5	3.8876207088056906E-5	0.0016056551710641237	0.03705974216062021	0.0323224427624616	0.021010937259269977
57	57	0.0011830828154991402	5.697826468617112E-4	2.6940202487017365E-4	0.0016744015587183865	0.21365155246035614	4.231807472435419E-4	0.008793633844728211	0.07931382182191646	8.864744537959487E-4	0.6926602018274691	5.744657985411015E-4
58	58	0.002464707641592913	0.001187023955862806	5.612432372944086E-4	0.003488268329827068	0.0011263266627087984	8.816093073468487E-4	5.608174466418727E-4	0.9821430485161751	0.0018467856448628858	0.004543388926717341	0.00119678033097004
59	59	8.197234446612267E-4	3.94785713962568E-4	1.866607755029544E-4	0.03659813742262806	3.7459873787413454E-4	2.932095499150965E-4	1.8651916415136395E-4	0.007703566856299622	0.9279083782075521	0.02513638959480455	3.9803053264830075E-4
60	60	0.09461986933402225	0.0012307370137338268	5.819114453709144E-4	0.07726824402859474	0.0011678044967032067	9.140752390421123E-4	5.814699746545152E-4	0.4290990709481283	0.0019147949275488303	0.391381169917444	0.001240852674757379
61	61	0.002933582242862735	0.001412837912297492	6.680115592896807E-4	0.004151860390268269	0.001340593846355719	0.12787291101134385	6.675047681894393E-4	0.4291771413643465	0.15015896277541338	0.28019214383447666	0.0014244502951563337
62	62	0.470485670292923	9.784991881997731E-4	4.626495104523941E-4	0.017514669015897332	9.284646023063908E-4	7.267368002874239E-4	4.622985185404014E-4	0.5021868592580597	0.0015223603915927937	0.0037452507630625974	9.865416586781906E-4
63	63	0.12461814075713191	0.13882816309137322	4.839012720155251E-4	0.0030075685010870525	9.711135361153307E-4	7.60119386564796E-4	4.8353415732320794E-4	0.004659169025953205	0.0015922898723862546	0.7235641420434636	0.0010318583565859085
64	64	0.0018428836778746815	8.875482984635105E-4	0.026976611324968067	0.029165173845215654	8.421643961470464E-4	6.591870676076955E-4	0.3191029057375828	0.4953443508533411	0.014659340341031961	0.0033971320386999813	0.10712270241906753
65	65	0.7390706480774278	0.0012307370137338268	5.819114453709144E-4	0.0036167264579198117	0.0011678044967032067	9.140752390421123E-4	5.814699746545152E-4	0.04242860370208494	0.0019147949275488303	0.20725237599075663	0.001240852674757379
66	66	8.295223134747612E-4	3.9950493170090595E-4	1.8889209444801882E-4	0.01910481944292343	3.7907664309210865E-4	2.9671453922973167E-4	0.7592595960521895	0.14526517782531323	6.215544086310203E-4	0.04336767418440579	0.030287467564591546
67	67	0.20960274705871215	7.320253309088875E-4	3.4611286863388236E-4	0.36355812549102334	6.94593941351092E-4	5.436792928697402E-4	3.4585028796583345E-4	0.025235945875060773	0.0011388935043150777	0.39706398436316853	7.380419859907582E-4
68	68	0.0014561693074841306	7.013034011038729E-4	3.315870663073699E-4	0.0020608972814642945	0.630191400065215	5.208619443891272E-4	3.313355057290793E-4	0.3389398122354652	0.0010910959694244307	0.013176370391297534	0.011199166832119915
69	69	0.03757157116723707	0.0022052626654462215	0.0010426822064765334	0.4023919425178558	0.002092498745371092	0.001637860871635697	0.001041891169172951	0.53792118473381	0.0034309732449652897	0.008440744540331375	0.0022233881376979027
70	70	0.0580058312587255	4.763821869557986E-4	2.2524084663659834E-4	0.892285598758516	4.520228561165267E-4	3.538117051472712E-4	0.007352155326795821	0.0021686968741736353	0.029249502376528475	0.008950460147870066	4.802976625343575E-4
71	71	8.245937694493846E-4	3.9713130339427824E-4	0.053660588448924997	0.23882400846840057	0.05979106732408881	2.9495163225808264E-4	1.8762735364447807E-4	0.08498785283259218	6.17861490167775E-4	0.01340288696336233	0.5470114304137171
72	72	0.0017952083918080274	0.026734525250671326	4.087902972480984E-4	0.0025407348412879328	8.203776556253846E-4	6.421339391889343E-4	4.084801659612526E-4	0.7541641699216333	0.0013451352329097211	0.003309248444257386	0.20783119585940873
73	73	0.0021921913725438946	0.001055777825788541	4.991880424001304E-4	0.0031025796361076156	0.0010017916733769763	7.841320751012507E-4	4.988093303049321E-4	0.6366199614939201	0.1280053126224555	0.22517580046394972	0.0010644554640513726
74	74	0.001665916892763397	0.08482603679913757	3.7934908553847834E-4	0.530506829791268	7.612937869433202E-4	5.958872416110807E-4	3.7906129000895184E-4	0.0036525043672706974	0.22931263339346822	0.0030709152824798633	0.14484957206951052
75	75	0.002814596500161057	0.021635473199534263	6.409170908428631E-4	0.1459430401929631	0.001286219521293581	0.0010067621932490823	6.404308551286532E-4	0.7362488053305623	0.002108954557068431	0.08630812579657347	0.0013666747626233154
76	76	0.001706893913175372	8.220544825941765E-4	3.8868004033514237E-4	0.13770077178974335	7.800195416208777E-4	0.04980509981621205	3.883851658190595E-4	0.003742346031439317	0.0012789619032133317	0.24911922829168073	0.5542675590241666
77	77	0.001919341505052757	9.243710318952689E-4	0.30468346123889545	0.40376849727380354	8.771042356112481E-4	6.865355169418909E-4	4.3672530726678434E-4	0.23930762930246435	0.029096911210244637	0.017367454765036795	9.319686127872872E-4
78	78	0.8793318027296686	3.3368857113657316E-4	1.5777310389385386E-4	9.805996492083327E-4	3.1662573687414537E-4	2.4783236144163803E-4	1.5765340835296248E-4	0.09637216145850386	5.191565511261311E-4	0.02124627520898045	3.364312208134611E-4
79	79	0.16617977238077133	0.1289992374866647	0.23288009008755697	0.044066083267273015	3.883614898687565E-4	3.0398206436839425E-4	1.9337187543658438E-4	0.22230317470590252	6.367783417132987E-4	0.203636494132014	4.126541684304545E-4
80	80	0.8442059361001173	4.696871856263948E-4	2.220753467313553E-4	0.0013802543128586385	4.456701970426016E-4	3.488392903484379E-4	2.219068678963092E-4	0.149703588930927	7.307447736894109E-4	0.0017977493610437587	4.735476337187851E-4
81	81	0.7508822352339688	3.769734694303729E-4	1.7823887151748483E-4	0.08006564131672152	3.576973048068316E-4	2.7998029663275063E-4	1.7810364949543152E-4	0.06375444981891736	0.00622634553802442	0.08604057093488433	0.01165976356560075
82	82	9.172387472396273E-4	0.04009549053065485	0.18525965575640468	0.014516069485005598	4.191614614453505E-4	3.2809011623910093E-4	2.0870771182235012E-4	0.0020110358113755314	6.872796281101251E-4	0.7551118900205461	4.453807311566305E-4
83	83	0.4562856785798039	0.04904511047880571	0.04870402386125873	0.04061979873266334	6.139130533059452E-4	0.0682378874226547	3.0567788405819706E-4	0.13846012598856902	0.0687639642456237	0.1283115053835025	6.523143697542672E-4
84	84	0.04880728417812884	0.01658908769650166	0.01604115273225563	0.09635269693559709	9.862140864176205E-4	0.5761118353566711	4.910529814297511E-4	0.23797752174602152	0.0016170495450914444	0.003978201269626638	0.0010479034722587818
85	85	0.16573459785923175	7.835100538658138E-4	3.704556398482577E-4	0.10780030598277572	7.434460440421552E-4	5.81917283536077E-4	3.701745913862985E-4	0.062176781142088466	0.048106918793562006	0.09677477037979997	0.5165571222298635
86	86	0.10637716216052522	7.013034011038729E-4	3.315870663073699E-4	0.0020608972814642945	6.654429469685866E-4	0.05298135837090966	3.313355057290793E-4	0.003192635105733765	0.0010910959694244307	0.8315601146450179	7.07067546815806E-4
87	87	0.011948268592788238	7.013034011038729E-4	3.315870663073699E-4	0.08599769156389717	6.654429469685866E-4	0.8084125069128054	3.313355057290793E-4	0.003192635105733765	0.0010910959694244307	0.08662106538842629	7.07067546815806E-4
88	88	0.0017722839540062793	0.051932714969843204	4.0357013017112525E-4	0.0025082901857785083	8.099016035825423E-4	6.339340223344333E-4	4.032639591963124E-4	0.19543259332141144	0.35888213478622116	0.3863607507268126	8.605623406424484E-4
89	89	0.001626861199801381	0.5048287012221161	3.704556398482577E-4	0.2132981366924095	7.434460440421552E-4	5.81917283536077E-4	3.701745913862985E-4	0.0035668751922919148	0.0012189940337247668	0.19055061989947444	0.08284381820136905
90	90	0.0011347186325398344	5.464900490664917E-4	0.8750860018109725	0.06701362435770973	5.185458222039205E-4	4.058812050505403E-4	2.58192896966339E-4	0.05154361204879987	8.502355598567702E-4	0.0020917158623687333	5.509817544652997E-4
91	91	8.197234446612267E-4	3.94785713962568E-4	1.866607755029544E-4	0.03659813742262806	3.7459873787413454E-4	2.932095499150965E-4	1.8651916415136395E-4	0.0017972345887031843	0.9279083782075521	0.03104272186240099	3.9803053264830075E-4
92	92	0.17789838540926084	0.2623090415959182	0.03560689427432222	0.18538290825548326	4.4882404880881193E-4	3.513079037295651E-4	2.2347722501664873E-4	0.00215334976657619	7.359159983089675E-4	0.0584236672082447	0.27646622831433054
93	93	0.11493258668595496	0.0024475121630156377	0.001157221505854007	0.007192423643133914	0.002322361055051201	0.0018177809235457357	0.001156343572602675	0.48716153483375807	0.0038078678243684983	0.00936796566280629	0.368636402129909
94	94	0.02394795372720667	0.06793028700749988	3.538637050697118E-4	0.06938122094546136	7.10148647681371E-4	0.022949810667618874	3.53595244181672E-4	0.014604100420547488	0.7513619320248132	0.00286460545508103	0.0455424821548388
95	95	0.0017722839540062793	0.01362333890014904	4.0357013017112525E-4	0.0025082901857785083	8.099016035825423E-4	0.7668214554162176	4.032639591963124E-4	0.1315836332052545	0.001327958135742343	0.07988574216925934	8.605623406424484E-4
96	96	0.12817343345804044	6.059397075206509E-4	2.8649764090643424E-4	0.05617291584104915	5.749555813120932E-4	0.10016917944220798	2.8628028769954374E-4	0.33817743958011787	0.06440036552938969	0.2652151889614925	0.04593780397026369
97	97	0.012130846316622266	3.7911160041280027E-4	0.005851083922688464	0.0975352626817489	3.5972610458123987E-4	2.815682984292809E-4	1.7911382384973022E-4	0.27397391654686837	0.11969834253422285	0.48355696647013086	0.006054061700445223
98	98	0.0035306000696801055	0.0017003667252691445	8.039596174654165E-4	0.10675257963324197	0.027052362098457433	0.001262871843062802	8.033496885301774E-4	0.007740801614780379	0.002645450282380409	0.8459933160651377	0.0017143423619946278
99	99	0.0025554723706785916	0.019643616406402557	0.05582054962337711	0.7401319021646691	0.0011678044967032067	9.140752390421123E-4	5.814699746545152E-4	0.005602844916747482	0.0019147949275488303	0.17042661720541918	0.001240852674757379
100	100	0.5177182374260201	0.22214877620305115	0.001157221505854007	0.007192423643133914	0.002322361055051201	0.0018177809235457357	0.001156343572602675	0.12099276143369891	0.040424745164374415	0.08260172034281812	0.002467628729849827
101	101	0.00453140773498828	2.659708920716594E-4	0.05583388664424874	0.1002604061853446	0.6369167307756293	0.016114147064842974	1.2565973570791936E-4	0.0688564022983596	4.13800600234969E-4	0.0010180158537652765	0.11566357221480672
102	102	0.00141173317361825	6.79902584830736E-4	3.214684302456842E-4	0.11388917967770842	6.451364402185641E-4	5.049674388755434E-4	3.212245462332124E-4	0.2472214034225476	0.0010578003311297094	0.633261693121419	6.854908331733443E-4
103	103	0.006930731734670355	0.24993541676983055	1.9234092248728395E-4	0.07422821349073862	3.859978970468968E-4	0.46284298414775693	1.921950018570595E-4	0.18443384032843926	6.329028680712084E-4	0.01981523411028591	4.1014272881592856E-4
104	104	0.00416655685762281	0.0020066488698295723	9.487745401041272E-4	0.005896873156718997	0.0019040408692853265	0.001490349298749328	9.480547464323356E-4	0.009135129840543843	0.06316433767494359	0.908316092248158	0.0020231418976120945
105	105	0.002340038167881384	0.0011269820874630508	5.32854515712636E-4	0.003311825262298347	0.0010693549757234742	8.370158770708411E-4	5.324502623392757E-4	0.7469976500127161	0.0017533718092753669	0.20664097832593298	0.03485747870358655
106	106	0.09659878135046095	0.01792424318871369	2.740746892775842E-4	0.045064888102858594	5.500246766359525E-4	4.305206386808805E-4	0.6593678270499709	0.002638886022682123	9.018499790182522E-4	0.15831989673401894	0.01792900756768221
107	107	7.962100394230827E-4	3.8346145998997583E-4	1.8130649353742995E-4	0.35107848132683495	0.03478532393740141	0.24697200348954568	1.8116894424496195E-4	0.30006509183237373	5.965937891732829E-4	0.007204628153325147	0.05775573053415039
108	108	0.012895364721646284	7.568931906355009E-4	3.5787077632278236E-4	0.002224257170982263	7.181902077248637E-4	5.621487908781798E-4	3.575992754453578E-4	0.037417014153881135	0.0011775832090465982	0.9427699642640623	7.631142393746425E-4
109	109	5.634660711541869E-4	2.7137000489991077E-4	1.2830792445458323E-4	0.8696219726306315	2.5749376873866005E-4	2.015480149940398E-4	1.2821058285427742E-4	0.0012353931307375408	4.2220060262494784E-4	0.12689643682245327	2.73600446457201E-4
110	110	0.06719098095866201	0.03580332813024541	1.4026686402070988E-4	0.12070678861374438	0.488498138395409	2.203332968948446E-4	0.07115349062002772	0.014665537349296289	0.093666547656599	0.018888824027253823	0.08906576408784686
111	111	0.00150349372375762	7.240952385071726E-4	3.423633986172076E-4	0.0346271289624952	0.06568557745975405	5.37789569048294E-4	0.02200827303363834	0.869943168210368	0.0011265557745349921	0.0027715079146241545	7.300467146550175E-4
112	112	0.0012933320838878798	6.228796229433056E-4	2.9450709423241495E-4	0.12297499740217419	0.09377915352402012	4.626161672907148E-4	2.9428366460423065E-4	0.3010376138393085	9.69083345325725E-4	0.47764353406746984	6.279991887431972E-4
113	113	0.0011255164561417964	5.42058203420293E-4	2.562934803354198E-4	0.009702583440794907	5.143405945910581E-4	4.025896485902721E-4	2.560990417017201E-4	0.9350779836769664	8.433404429728833E-4	0.042623026738005006	0.008656168276480258
114	114	0.8803828663946491	9.784991881997731E-4	4.626495104523941E-4	0.06143222574108228	9.284646023063908E-4	0.03000510795041072	4.622985185404014E-4	0.00445454970596368	0.0015223603915927937	0.018384436338124244	9.865416586781906E-4
115	115	0.3641087693678696	0.0012084853193017136	5.713905009900678E-4	0.1481911360835016	0.001146690620605297	8.975487815778819E-4	5.709570120531815E-4	0.11398139558288416	0.34539970036320317	0.022705508278586483	0.0012184180894269155
116	116	0.3081089583974376	6.407939384875784E-4	3.029772589669364E-4	0.423703420624416	6.080275757334075E-4	4.759212292825763E-4	3.027474033958992E-4	0.223414166150754	9.96954645328815E-4	0.04079997203075139	6.460607454458107E-4
117	117	0.04885441674830382	0.0028675090753493165	0.08715658396329785	0.05132704550039066	0.002720881841662408	0.002129714970993979	0.0013547739368839394	0.44205804342706817	0.004461303894258752	0.053875913930743154	0.3031938127110479
118	118	0.5538324582918486	4.506855896124061E-4	2.1309109901842697E-4	0.09572140665242986	4.2764022880239E-4	3.3472669909226496E-4	2.129294361384642E-4	0.022279641690684165	7.011818701146375E-4	0.2309748568763101	0.0948513815659488
119	119	0.002464707641592913	0.001187023955862806	0.07159682172924775	0.003488268329827068	0.0011263266627087984	0.23174723940619524	5.608174466418727E-4	0.6802418399253733	0.0018467856448628858	0.004543388926717341	0.00119678033097004
120	120	0.2510892323634296	0.001187023955862806	5.612432372944086E-4	0.003488268329827068	0.0011263266627087984	8.816093073468487E-4	5.608174466418727E-4	0.449376209826525	0.2504713103666996	0.040061178172694015	0.00119678033097004
121	121	3.4242255609628403E-4	1.6491358660752626E-4	7.797368769542962E-5	0.10657630917586469	0.12351890302514755	1.2248223984280703E-4	7.791453247509322E-5	0.05749747184845576	0.010125568242219432	0.02530369878343937	0.6761923423221561
122	122	0.7150279467875992	0.13610708175188146	3.8868004033514237E-4	0.002415744520456054	7.800195416208777E-4	6.105444455621308E-4	3.883851658190595E-4	0.003742346031439317	0.0012789619032133317	0.1384314787077184	8.288111043549752E-4
123	123	8.245937694493846E-4	3.9713130339427824E-4	0.041777739861690366	0.1972340384130794	0.07167391591132342	2.9495163225808264E-4	1.8762735364447807E-4	0.10875355000706143	0.018442134371019707	0.0015200383761277087	0.5588942790009518
124	124	0.0012468552433603155	6.004959851568057E-4	2.8392376499826374E-4	0.7294633149791279	0.05447339445099522	4.459917147618564E-4	2.837083644782471E-4	0.002733716334536699	9.342586219157652E-4	0.2089289089650781	6.054315755908836E-4
125	125	0.4641959678392897	0.001187023955862806	5.612432372944086E-4	0.003488268329827068	0.0011263266627087984	0.21398834478320689	5.608174466418727E-4	0.20075168510468824	0.019605680267851224	0.09333786204165903	0.00119678033097004
126	126	0.0010732922769862688	0.4722521873380554	2.444014137553249E-4	0.13298622583892009	0.015957205608517263	3.8390941178039774E-4	2.4421599711147324E-4	0.1570204866102166	0.10133795763911398	0.1179789627131824	5.21155152360813E-4
127	127	0.0016461574261868552	7.928032789894664E-4	3.748496200434707E-4	0.00232978496872193	7.522640693125188E-4	5.888194136268943E-4	3.745652380612653E-4	0.7627141927706604	0.0012334525412115562	0.22839379119362757	7.993194795580086E-4
128	128	0.0013835857140751084	6.663465312807925E-4	3.1505891901237765E-4	0.9091475979316642	6.322735620272714E-4	4.948992823556225E-4	3.1481989761523755E-4	0.07281729847635483	0.0010367096657110566	0.012519586660056144	6.718233598472845E-4
129	129	0.05886500279170821	9.506652579383271E-4	4.494891988601938E-4	0.0027936887837471955	9.020539324739891E-4	7.060643851627453E-4	0.569359794149927	0.2318920960519607	0.12948395138064073	0.003638715111518011	9.584789560629955E-4
130	130	0.27071297398577104	0.016851117979507783	4.991880424001304E-4	0.1452606410195808	0.0010017916733769763	7.841320751012507E-4	4.988093303049321E-4	0.5576432607253239	0.0016425913927015808	0.004041038311880348	0.0010644554640513726
131	131	0.03667971451772639	0.0011463095740027317	5.419928494932799E-4	0.0033686223124830025	0.035387239397758945	8.513705090366454E-4	5.415816632664881E-4	0.19386599360197157	0.01893321435079093	0.7075282299135894	0.0011557313098807202
132	132	5.634660711541869E-4	2.7137000489991077E-4	1.2830792445458323E-4	0.8615021174296394	2.5749376873866005E-4	2.015480149940398E-4	1.2821058285427742E-4	0.0012353931307375408	0.004482128203120941	0.13095636442294928	2.73600446457201E-4
133	133	0.0027048866242267836	0.020792146250053448	6.159348475563024E-4	0.35463829181139267	0.13766223461400304	9.675197102465085E-4	6.154675647754446E-4	0.3567405353398509	0.09947400019582879	0.004986129684977707	0.020802853357088442
134	134	0.0021921913725438946	0.001055777825788541	4.991880424001304E-4	0.0031025796361076156	0.0010017916733769763	7.841320751012507E-4	4.988093303049321E-4	0.004806355345150413	0.017437931546420822	0.9675567876887542	0.0010644554640513726
135	135	0.023572586968266654	0.0013835925502746378	6.541839009880224E-4	0.004065918004998969	0.0013128439169257193	0.0010276018979004198	6.536876003262578E-4	0.3374943744771599	0.02285233842812236	0.6055879076950827	0.0013949645599542926
136	136	0.003204521521915182	0.02463278111116794	7.297076548100939E-4	0.07380368687214882	0.001464408179878313	0.0011462357448155025	7.291540575854755E-4	0.7227990313784866	0.0024011222448689076	0.16753334180631677	0.001556009428006512
137	137	0.001317894507302394	6.347090929035766E-4	3.001002501103464E-4	0.5431253097963499	6.022538726957586E-4	4.714019805562731E-4	2.9987257719986887E-4	0.0028894691352455808	0.32384439610095805	0.0024293783205822797	0.12408521436609599
138	138	0.0011440725225762215	5.509949612785226E-4	0.30526470358612184	0.529193996717506	0.06646967111939907	4.092270284564548E-4	2.603212730211092E-4	0.0025083663556904334	8.572443545516498E-4	0.00210895862158929	0.09123244345980944
139	139	0.025979487359943453	4.1956671843775245E-4	1.983776166891547E-4	0.867469635753466	0.019229344520951704	3.116145400442524E-4	1.9822711628354487E-4	0.0019100483932823255	0.08225477180225987	0.0016059109617409762	4.230152169009655E-4
140	140	0.0691007674060897	0.06840435603749143	3.059099645444556E-4	0.021260553173977625	6.139130533059452E-4	4.8052796725471276E-4	3.0567788405819706E-4	0.19653786266462617	0.010686227569566567	0.631651889909331	6.523143697542672E-4
141	141	0.7937322495939877	0.0013555333766156297	6.409170908428631E-4	0.003983461432532669	0.001286219521293581	0.0010067621932490823	6.404308551286532E-4	0.1886904301117591	0.002108954557068431	0.005188366504898939	0.0013666747626233154
142	142	0.2987599041394605	5.376976610060777E-4	2.5423174861650527E-4	0.2187793828100713	5.102030241901025E-4	3.993510494377735E-4	2.540388741283233E-4	0.17942501293344765	8.365562604847254E-4	0.14685757482227352	0.15338604667688346
143	143	0.002933582242862735	0.1070991615957005	6.680115592896807E-4	0.004151860390268269	0.001340593846355719	0.0010493225912602564	6.675047681894393E-4	0.873059700834639	0.0021981096186491998	0.005407702257628889	0.0014244502951563337
144	144	0.02219433669779782	0.0013026961764824108	6.159348475563024E-4	0.0038281904871139867	0.0012360840990057736	9.675197102465085E-4	6.154675647754446E-4	0.6685717365169875	0.02151619990154464	0.2778384307149722	0.0013134032835174021
145	145	0.14666690643241073	0.0010727218320155474	5.071994299215132E-4	0.01920120942404241	0.001017869264644045	7.967164829556095E-4	5.068146399376317E-4	0.7591788304341651	0.0016689530742093122	0.06830124024941778	0.0010815387362803444
146	146	0.3816551161215529	6.868895738892995E-4	3.247719864534596E-4	0.11505955683180472	6.517661565185982E-4	5.101567145880818E-4	3.245255961776426E-4	0.14699740241828244	0.06272740731042764	0.28009341595057746	0.010968991339727785
147	147	0.0012581584559388072	6.059397075206509E-4	2.8649764090643424E-4	0.22841507477247278	0.7439358520221931	0.009515411583563949	2.8628028769954374E-4	0.01182387528899935	9.42728028338874E-4	0.0023192621714248356	6.109200409416745E-4
148	148	0.0010901533856228418	0.008379881221580038	2.482408886836564E-4	0.3942855882940178	0.3932408888491016	3.899405166690011E-4	2.4805255919840814E-4	0.13592267014633574	8.168431781895958E-4	0.06484839861279633	5.293423478050395E-4
149	149	0.17203170013630756	0.001412837912297492	6.680115592896807E-4	0.004151860390268269	0.001340593846355719	0.0010493225912602564	6.675047681894393E-4	0.32349081768094345	0.0233353743553298	0.47042752646460206	0.0014244502951563337
150	150	0.0015539974827530783	7.484182741390928E-4	3.538637050697118E-4	0.013396330334327366	7.10148647681371E-4	5.558544231652806E-4	3.53595244181672E-4	0.036998056665001076	0.001164397835617802	0.943410767722132	7.545696659316049E-4
151	151	0.3686796442931279	7.013034011038729E-4	3.315870663073699E-4	0.08599769156389717	6.654429469685866E-4	5.208619443891272E-4	3.313355057290793E-4	0.003192635105733765	0.5361881595199339	0.002684271105993426	7.07067546815806E-4
152	152	0.0881681712082799	0.02239026460963774	3.423633986172076E-4	0.13212489113258274	6.87069346362355E-4	5.37789569048294E-4	3.4210366250777245E-4	0.6424483898134971	0.0011265557745349921	0.11110235477027698	7.300467146550175E-4
153	153	0.11742619266563828	9.6438142948835E-4	0.23130352350665914	0.002833996046787765	9.150687411901699E-4	0.015144223280357746	4.5562848854333076E-4	0.1342420259516402	0.001500395818765834	0.4942422562074999	9.723078634293566E-4
154	154	0.0026531776508639557	0.001277792699461875	6.041600994614057E-4	0.0037550074567595836	0.0012124540365930927	9.490237590753762E-4	6.037017496660016E-4	0.9807775722402408	0.0019880047094428892	0.004890810478340786	0.0012882951200942992
155	155	0.030679239756720343	6.533204778712413E-4	3.089000000211998E-4	0.0019198914402104403	6.199135829446402E-4	4.852247598936808E-4	3.086656511260373E-4	0.061619598220414455	0.0010164435806609947	0.9017301122873036	6.586902428333275E-4
156	156	0.5313652006598777	0.19164822054242286	6.680115592896807E-4	0.004151860390268269	0.001340593846355719	0.0010493225912602564	6.675047681894393E-4	0.06984364084077627	0.044472639092010394	0.1533685554143931	0.0014244502951563337
157	157	0.22800480075697593	0.0021348290667058483	0.0010093801144874892	0.1340290341842596	0.002025666698873638	0.0015855494453222226	0.0010086143420219246	0.36104623704932315	0.0033213918347272746	0.2636821208754567	0.002152375631846119
158	158	0.0014716095813205505	7.087395670083479E-4	3.3510300025686826E-4	0.0020827496980830185	6.724988719018357E-4	5.26384826248403E-4	0.04274825154644396	0.7348576855894909	0.07532612009739176	0.04512613614803722	0.09614472107381714
159	159	0.001519959574547327	7.320253309088875E-4	3.4611286863388236E-4	0.06786153275036806	6.94593941351092E-4	5.436792928697402E-4	3.4585028796583345E-4	0.6823394852987391	0.2311251323026025	0.013753586366022799	7.380419859907582E-4
160	160	0.001589594799131234	0.1725675605067411	3.61969637288982E-4	0.2771329298505133	0.18398188079152789	5.68587343251198E-4	3.616950267853394E-4	0.060752501775966763	0.16153960233318884	0.07165102408670988	0.06949265384889551
161	161	0.0018676836827835968	0.47190055548687515	4.2529378279119274E-4	0.17758656024983216	8.534975483200837E-4	6.680578621721237E-4	4.24971131032987E-4	0.32706703351295674	0.0013994403864793505	0.016900021070116886	9.068852866397196E-4
162	162	0.0012141321927580109	0.13180706853813298	0.11400249362035711	0.0017183453342499023	5.548363780268235E-4	4.3428690016683656E-4	2.762625898251297E-4	0.002661971407911291	0.7445029555845584	0.0022381051070960627	5.895423469175529E-4
163	163	0.02309453632307969	0.0013555333766156297	6.409170908428631E-4	0.003983461432532669	0.001286219521293581	0.0010067621932490823	6.404308551286532E-4	0.7970886247993181	0.002108954557068431	0.167427885088248	0.0013666747626233154
164	164	6.187300540779508E-4	2.9798560446226064E-4	0.2631699578111752	0.21932354857099925	0.013657107674852372	0.053718752644510606	1.4078530176679513E-4	0.0459377563650683	0.38386190850158247	0.0011405536416920347	0.018132913829812768
165	165	0.10563678170118297	4.664097604291239E-4	2.2052572954071525E-4	0.09906107355927228	4.4256035973351657E-4	0.07710318767058172	0.5235620575776448	0.06492430199204817	7.256457175359635E-4	0.10645354469523617	0.02140391123679449
166	166	9.551125318458752E-4	4.5999023848244605E-4	2.174904805371539E-4	0.008233605990400544	4.3646909367719505E-4	3.416373136631891E-4	2.173254800391975E-4	0.015857769220890727	0.9366469559273842	0.0017606338487079047	0.03487300987437152
167	167	7.783487667336036E-4	0.005983075684771089	1.7723926936151802E-4	0.11326591406161013	0.017180340353291055	2.784101065515434E-4	0.005785321169814637	0.09704619925488228	0.5557966305289292	0.018259440427539245	0.18544908037651564
168	168	0.0021921913725438946	0.001055777825788541	4.991880424001304E-4	0.0031025796361076156	0.0010017916733769763	7.841320751012507E-4	4.988093303049321E-4	0.004806355345150413	0.017437931546420822	0.9675567876887542	0.0010644554640513726
169	169	0.0010256996182295937	0.3035023165542801	2.335639994424528E-4	0.34141222565422297	4.687261111405437E-4	3.668858385933766E-4	2.3338680466998495E-4	0.19440045959602908	0.07467301945870033	0.08318567062982811	4.980457348634313E-4
