0	0	0.5876567847951815	0.19328313003543476	0.0010960473501877587	0.002425412299583582	0.0017923496744395627	0.0015174986198835789	0.21098089992658886	4.6463893966206904E-4	7.832383590383089E-4
1	1	0.005888114961479149	0.3805877576533565	0.0011896489185248167	0.0026325405728886754	0.0019454149051590375	0.0016470917900564656	0.6047549861751554	5.04318734020759E-4	8.501262893591756E-4
2	2	0.003807246031142303	0.4338320270205521	0.055988216712029616	0.14527157472183883	0.0012579022700893734	0.023152603629265123	0.004500698193959212	0.022413688337944906	0.3097760430831785
3	3	0.13513959049123672	0.2649672940591646	9.099090854440613E-4	0.015077115730187668	0.02761516768622748	0.014323390167312612	0.5409315785477814	3.857307739279579E-4	6.502234587175179E-4
4	4	0.5922420845755757	0.24789549392811558	0.02158795924750348	0.08383960523497162	0.0022987800733340557	0.001946269546867892	0.048589340972861814	5.959231901131159E-4	0.0010045432306567705
5	5	0.0038932383084614723	0.09354036110976723	7.86599238214785E-4	0.17113922552603272	0.0012863138515750816	0.012382300577604127	0.7160763984983152	3.3345697694584046E-4	5.621059130835833E-4
6	6	0.11205037883090123	0.6908293045936303	0.0010626050472049295	0.13965420266524098	0.001737661981564328	0.0014711971087185017	0.051984847371717234	4.504620008691077E-4	7.593404001533702E-4
7	7	0.11663045341455139	0.8145917472546566	9.734959084843251E-4	0.002154221667182263	0.0015919431531322304	0.001347823793683921	0.06160196538858104	4.1268664771283275E-4	6.956627720154186E-4
8	8	0.5239225499675932	0.44232816068596287	8.047763001155275E-4	0.001780866799576857	0.0013160385263115174	0.001114228253488428	0.0278171215376985	3.411626392662557E-4	5.75095289986722E-4
9	9	0.36820785450538	0.4372256456184137	9.734959084843251E-4	0.002154221667182263	0.0015919431531322304	0.14111304662192203	0.047625443105757226	4.1268664771283275E-4	6.956627720154186E-4
10	10	0.009432400703334745	0.19926543219517606	0.02926660633840576	0.0042171692831613075	0.0031164359119595603	0.19416457028062087	0.33948075586297977	8.07887823624848E-4	0.22024874160073712
11	11	0.004886572440563071	0.5426455999170979	9.872948570536528E-4	0.0021847569716794964	0.001614508365275306	0.0013669287031627061	0.445190278877654	4.185363300560322E-4	7.055235374577537E-4
12	12	0.18085796542040927	0.09132331668864552	0.016751731295966445	0.6973301316028105	9.21914736522773E-4	7.805420785210822E-4	0.01139253878581787	2.389921407332066E-4	4.028672505732529E-4
13	13	0.0054248381187390554	0.09886713868249815	0.0010960473501877587	0.3958253762701528	0.11194433958619894	0.0015174986198835789	0.3840768840736393	4.6463893966206904E-4	7.832383590383089E-4
14	14	0.2175616108147417	0.3003848048533012	0.0014648652227269804	0.0032415589781095047	0.0023954719698950694	0.08615266399981093	0.38713123849797265	6.209890692396718E-4	0.0010467965942022686
15	15	0.10457019344905252	0.2715585047393202	0.001676405453949503	0.0037096703955368346	0.002741400514403303	0.0023210155677105414	0.5633777311571885	0.04884711491533587	0.001197963807502798
16	16	0.1689742870442376	0.3803838326583898	0.00185499079429467	0.004104856863461134	0.0030334384236893443	0.0025682704034243505	0.4369683704364907	7.863720081037799E-4	0.0013255813679086373
17	17	0.7968893772030079	0.002991732487902835	7.366820783619287E-4	0.033359911082052995	0.15985332541017658	0.001019950494853793	0.004310290287550011	3.122959785446309E-4	5.264349775493596E-4
18	18	0.002724176729805043	0.0022352209800029672	5.503992231274164E-4	0.040728488552395414	9.000595350330613E-4	0.6566367635821007	0.2955982481273836	2.3332651767365726E-4	3.933167524782839E-4
19	19	0.7914872017000221	0.03713220186381805	0.0020160676345482185	0.033406068289926844	0.0032968449472658527	0.11857036048462347	0.011795911695801882	8.54656076530846E-4	0.0014406873074628483
20	20	0.017557214305644782	0.6011511157071806	5.215498319325825E-4	0.0011541229281730747	8.528825614224027E-4	7.220957653176449E-4	0.37744722138300624	2.2109661671876915E-4	3.7270090060397834E-4
21	21	0.004503554970009603	0.17352206919430557	9.099090854440613E-4	0.06733152993867852	0.0014879605819820522	0.11883221858429431	0.6323768034126405	3.857307739279579E-4	6.502234587175179E-4
22	22	0.05200258142640932	0.003385623879721314	8.336736143187807E-4	0.0018448128519818877	0.934952129891726	0.0011542371403437876	0.004877782951874045	3.5341285585423535E-4	5.9574538777063E-4
23	23	0.024208381075254987	0.32913301452635285	0.4693128620459114	0.0027747156744132623	0.002050480545740953	0.12775192087368403	0.04334103098898257	5.315553768093162E-4	8.960388928506897E-4
24	24	0.8142465320368707	0.005708823970339139	0.001405736751022113	0.003110715249046159	0.06284544756277816	0.001946269546867892	0.10913600846230592	5.959231901131159E-4	0.0010045432306567705
25	25	0.014043213829362496	0.8669700652763593	0.0028373247217505105	0.04701422799078632	0.004639834255735102	0.00392833060422105	0.05733663822058105	0.0012028052893566096	0.0020275598118475483
26	26	0.0025813879378524507	0.017093887363279697	5.215498319325825E-4	0.00864203611206924	0.7646200273188313	7.220957653176449E-4	0.15280982586612127	0.052636488903991925	3.7270090060397834E-4
27	27	0.658139359475647	0.006808034030948972	0.001676405453949503	0.0037096703955368346	0.002741400514403303	0.0023210155677105414	0.3226954850586692	7.106656956320116E-4	0.001197963807502798
28	28	0.892414125833508	0.0968206161304839	8.141835458851189E-4	0.001801683828686835	0.0013314220532089746	0.0011272527660423932	0.004763747528533632	3.4515058075324954E-4	5.818177328979546E-4
29	29	0.0024015611257017073	0.14129618872921312	4.8521718999259634E-4	0.6698369772519449	7.934683409131265E-4	6.717925243206129E-4	0.18396236294140209	2.0569439871858433E-4	3.4673749779320895E-4
30	30	0.6216718680141431	0.24524772505939088	9.343202644962481E-4	0.0020675309883931466	0.0015278798143212187	0.0012935843617152445	0.126193344527502	3.960792176779163E-4	6.676677523602604E-4
31	31	0.09678798868369215	0.002929758853421789	7.214217347189906E-4	0.011953896448151966	0.001179730064705419	9.9882225581089E-4	0.8846070252860023	3.0582677820586914E-4	5.155298952906342E-4
32	32	0.09233028126400189	0.8709506077536553	8.755938525566344E-4	0.0019375769660561083	0.001431845400020651	0.001212276515796168	0.03026493276545684	3.7118378066134424E-4	6.257017017950988E-4
33	33	0.003063039130739367	0.08247874734251535	6.18863798197291E-4	0.0013694662622537176	0.8539771976773948	8.568288217652473E-4	0.05693126506731749	2.6235017943373654E-4	4.422417203829986E-4
34	34	0.0129852871122665	0.4626565590589541	0.0026235786615758294	0.005805643299644845	0.004290298552463523	0.003632395076193847	0.5050192283687764	0.0011121935628290143	0.001874816307295996
35	35	0.43423944509949514	0.02879698195170261	0.001563512540905035	0.003459852849071377	0.09234645340629333	0.09195437812724117	0.3458592779248813	6.628078695961583E-4	0.0011172902308139291
36	36	0.004029765625190461	0.6579054752094212	8.141835458851189E-4	0.14207289859842118	0.0013314220532089746	0.0011272527660423932	0.19179203388817942	3.4515058075324954E-4	5.818177328979546E-4
37	37	0.004126230861074339	0.1829219384997275	8.336736143187807E-4	0.013813900493315634	0.10908508263969761	0.47991774279369354	0.1245686593652115	3.5341285585423535E-4	0.08437935887710683
38	38	0.05587689360762313	0.028911543031879733	6.134135853982781E-4	0.0013574056399130775	0.0010031059697348538	8.492828974042632E-4	0.9018831635608291	2.600397125588956E-4	0.009245151994658724
39	39	0.0034630399939800764	0.33433798561692046	0.08106247320547513	0.0015483042279797017	0.20205115833924248	9.687217012639461E-4	0.37577171268504117	2.966103680130182E-4	4.999938620840274E-4
40	40	0.399370029182502	0.04456287049764139	0.14398869688412771	0.07721841319643553	0.11062050502146471	0.051425635251549306	0.17214491899316628	2.490720669236355E-4	4.1985890618946283E-4
41	41	0.8086406075591944	0.004831271756553565	0.0011896489185248167	0.0026325405728886754	0.0019454149051590375	0.0016470917900564656	0.14359929893817003	0.03466399927009375	8.501262893591756E-4
42	42	0.1306069756973752	0.05985954398217078	9.734959084843251E-4	0.002154221667182263	0.0015919431531322304	0.001347823793683921	0.802357646378243	4.1268664771283275E-4	6.956627720154186E-4
43	43	0.0029327508817307696	0.2576200404721713	5.925400467855773E-4	0.0013112151744387485	9.689717873653906E-4	8.203830820528243E-4	0.7265723541778122	2.511909535647343E-4	0.008930553424078485
44	44	0.011739481231117798	0.5961040961973487	0.08790728140775221	0.21086369049484696	0.00972427122010137	8.41868723709797E-4	0.08212702089036612	2.5776958607658524E-4	4.345202486805057E-4
45	45	0.05541169821069958	0.009678445539337157	5.254846151099992E-4	0.0011628300990020233	0.5289676694198577	7.275435482444028E-4	0.4029280512014476	2.2276465914690136E-4	3.755127071546018E-4
46	46	0.6757081255996862	0.008187432838734077	0.0020160676345482185	0.033406068289926844	0.0032968449472658527	0.0027912843842875816	0.2722988329215576	8.54656076530846E-4	0.0014406873074628483
47	47	0.003235526073001975	0.002654789493131819	0.8077974467322033	0.06714432986072137	0.07615214574807443	0.02906125561077575	0.003824845106975868	2.7712373547435063E-4	0.00985253763964109
48	48	0.0502601527227721	0.004250490206280561	0.0010466376829750441	0.7386205461334794	0.0017115507920484822	0.12166206485862935	0.081256934445997	4.4369307872016845E-4	7.479300790979522E-4
49	49	0.2098370644926281	0.010218070370088872	5.547831781218838E-4	0.033087847074441325	0.008872274303122523	7.681079717864063E-4	0.08289646637489549	0.6374388451910827	0.016326541043832597
50	50	0.03428795606799509	0.7409936781923347	7.140262205509895E-4	0.0015800485054344425	0.2061937344005001	9.885830243202534E-4	0.014429036893064082	3.026916546542386E-4	5.102450411461508E-4
51	51	0.05748891784335062	0.0017401814865233682	0.08040460324971727	0.37006868958985784	0.08682883135553575	0.06826535441555884	0.18706737422970993	1.8165116111702157E-4	0.1479543966686294
52	52	0.3558730201672598	0.0054873309039100765	0.0013511964559992453	0.0029900245668883856	0.021608776307198284	0.11826586838671556	0.4928854122801187	5.728023415074963E-4	9.655685904025347E-4
53	53	0.19800153079764957	0.17302378773786378	8.437728049708508E-4	0.0018671610664264318	0.0013798089216048833	0.07385271257773945	0.5500705696691813	3.576941282237357E-4	6.029622963399426E-4
54	54	0.3558730201672598	0.0054873309039100765	0.0013511964559992453	0.6237639495079434	0.0022095911527903137	0.0018707574602677402	0.00790578341991946	5.728023415074963E-4	9.655685904025347E-4
55	55	0.20464957390800817	0.1836425123937284	0.0013779271193161391	0.4976231367948889	0.022036261830560337	0.06125664186088827	0.027845141632507148	5.841340664169153E-4	9.846703936857075E-4
56	56	0.058918855668455825	0.02224303343563326	3.617385065332027E-4	0.05792892780074778	5.915455151695514E-4	5.008339140903412E-4	0.048857970567962344	1.533490282894577E-4	0.8104437455631183
57	57	0.8746945721073314	0.008431480082254531	0.002076161654084429	0.004594279627497436	0.003395115789609516	0.0028744857092064674	0.10157014310301529	8.801312729377833E-4	0.0014836306540632433
58	58	0.005990430558556051	0.1960581567047173	0.07071684236248191	0.593483716770246	0.0019792196608212215	0.0016757126952260475	0.12871794053408633	5.130820942346769E-4	8.648986196305099E-4
59	59	0.33152003221728876	0.0876043406671245	7.366820783619287E-4	0.0016301830148448759	0.0012046850741359607	0.022173102539659206	0.5542922434524908	3.122959785446309E-4	5.264349775493596E-4
60	60	0.04433682800355246	0.06041436061860583	5.777939545396287E-4	0.299913432208207	0.13367145694584087	0.4072751769463196	0.05315311846646838	2.449397558731904E-4	4.128931005930991E-4
61	61	0.7764887675010548	0.051659143006029834	0.0010960473501877587	0.04963340797605189	0.0017923496744395627	0.0015174986198835789	0.11656490857365225	4.6463893966206904E-4	7.832383590383089E-4
62	62	0.10206252521540367	0.08027733786250407	4.955741200240991E-4	0.036671535907296146	0.12176504413257136	0.2568253679739041	0.2021189854274074	0.07135987273281978	0.1284237566280694
63	63	0.38037979649429426	0.013426304183409805	7.289720500563015E-4	0.483043731299139	0.0011920769813184894	0.011475158629640972	0.10892400746594871	3.090275254289169E-4	5.209253707634813E-4
64	64	0.013113208751172263	0.012509820011297076	6.792121655294266E-4	0.0015030094639795152	0.0011107053938440832	9.40382296095581E-4	0.4037846360105138	0.5658736590829717	4.853668245965765E-4
65	65	0.8772701604549701	0.1045106786823211	0.0013779271193161391	0.0030491760985933945	0.0022533034027085136	0.0019077665773328104	0.008062183204655326	5.841340664169153E-4	9.846703936857075E-4
66	66	0.01251392713674321	0.08286691737071433	0.0025283439576365063	0.04189444315351858	0.14933273086751933	0.003500540798394455	0.7044845139357238	0.0010718214458307678	0.0018067613339190186
67	67	0.021019910062659828	0.809359318379392	6.244117301053599E-4	0.0013817431244575059	0.0010210910696320439	8.645100401106596E-4	0.16501810723470425	2.64702071620366E-4	4.4620628731798347E-4
68	68	0.24042839911631209	0.14019856982386553	0.002280049679956442	0.5942713268974632	0.0037285307983052868	0.0031567725992925257	0.013340457545133152	9.665639586559105E-4	0.0016293295810158057
69	69	0.1319607810241145	0.07785116339277799	7.445569414562483E-4	0.7285428412846533	0.0012175627187933215	0.011720489161897052	0.04711490879178573	3.1563430880700673E-4	5.32062375714767E-4
70	70	0.03720196024388237	0.0016585539890870845	4.084011537450749E-4	9.03739406228887E-4	0.8391387404597346	0.006428872030678229	0.10206789222750746	1.7313036612913712E-4	0.012018710123007127
71	71	0.0768320337618673	0.07573781230141702	0.0012317242245437742	0.1441969856823546	0.12580164063647017	0.0017053458598318358	0.5730921087227598	5.221553955219766E-4	8.801934152335072E-4
72	72	0.31062104464764523	0.037472591471085094	0.009227224251549798	0.1528943167339802	0.015089140428479664	0.012775269302630437	0.4514149877634787	0.003911626346735645	0.006593799054415221
73	73	0.002147267098262868	0.742970639430639	4.338390126456752E-4	9.600301274664491E-4	0.24362661357624352	6.006584504115518E-4	0.008767015746682818	1.839140423862108E-4	3.10022515261945E-4
74	74	0.05384198237868874	0.48871571179418716	0.001599415281471721	0.0035393010120948827	0.0026154996483942214	0.0022144211943382424	0.3997269475839546	6.780278428071785E-4	0.04706869326406326
75	75	0.21803966416233173	0.2801165081315052	0.06373028530172153	0.014508515255889089	0.001431845400020651	0.29034385718195477	0.1308324390841207	3.7118378066134424E-4	6.257017017950988E-4
76	76	0.8465865786539808	0.14183618694334238	8.755938525566344E-4	0.0019375769660561083	0.001431845400020651	0.001212276515796168	0.005123056185790876	3.7118378066134424E-4	6.257017017950988E-4
77	77	0.03145252880838392	0.3525603321877107	9.343202644962481E-4	0.0020675309883931466	0.0015278798143212187	0.04153581203483519	0.5688578489318213	3.960792176779163E-4	6.676677523602604E-4
78	78	0.08790984435041055	0.37442734076106743	8.336736143187807E-4	0.04972116341731687	0.0013632938676939	0.0011542371403437876	0.16047592228921273	0.32351877917186533	5.9574538777063E-4
79	79	0.007406043426364522	0.30683795452696355	0.0014963348389701071	0.11072591275339819	0.0024469337579450506	0.0020717043407220263	0.5673115017476679	6.343297420858528E-4	0.0010692848658828758
80	80	0.04258182155571554	0.003601135406143523	0.07727261283904835	0.014693222853661229	0.0014500741932192902	0.0012277099822204734	0.7308540599933208	0.1276856956798773	6.336674967935636E-4
81	81	0.04860061868133794	0.04812664450655634	5.33535023747756E-4	0.0011806446214524852	8.724817645447332E-4	7.38689493714005E-4	0.8993399429509293	2.261774070839799E-4	3.81265550633439E-4
82	82	0.10851169034653872	0.3279133160861604	6.662189270652382E-4	0.049298924860735525	0.0010894577472645678	9.223929077412853E-4	0.5108394922270442	2.824250757062328E-4	4.7608182174378814E-4
83	83	0.9350715858030116	0.03435806981770102	0.02166073768434752	0.0016131217104410082	0.0011920769813184894	0.0010092758124953638	0.004265179294492632	3.090275254289169E-4	5.209253707634813E-4
84	84	0.02828141843274908	0.9523499119468314	0.0014648652227269804	0.0032415589781095047	0.0023954719698950694	0.0020281340522586406	0.008570853733987336	6.209890692396718E-4	0.0010467965942022686
85	85	0.06651912416774544	0.0016585539890870845	0.0531792962166986	9.03739406228887E-4	0.7863678453967811	5.654392459056137E-4	0.025843266025463482	1.7313036612913712E-4	0.06478960518596066
86	86	0.4370649056190663	0.0060767509920722895	0.022979277948605194	0.5189018318364649	0.0024469337579450506	0.0020717043407220263	0.00875498089715559	6.343297420858528E-4	0.0010692848658828758
87	87	0.005511568147159612	0.03649746855986579	0.0011135704938745156	0.0024641887705252343	0.6413241682141058	0.19339270871132505	0.11842849926744835	4.7206739145365097E-4	7.957604442420703E-4
88	88	0.11045532800223215	0.03021717531979853	0.014158473319921537	0.5712105328654933	0.001507656002288933	0.0012764618061751965	0.27012470602231364	3.9083650711054646E-4	6.588301546662616E-4
89	89	0.7772110841719665	0.07805587430515404	4.81860413554598E-4	0.0010662953325123656	0.00770606956639411	6.671450028325607E-4	0.13426306108493552	2.042713862505856E-4	3.443387363998203E-4
90	90	0.0038497620265126853	0.0031587777531216633	7.778151855697155E-4	0.012888331105968447	0.67129949725066	0.0010769000722681695	0.3060633545793221	3.2973322093635626E-4	5.558288056408694E-4
91	91	0.1730738427845348	0.00431533511525262	0.016318471035613322	0.002351408769565413	0.001737661981564328	0.4744030427493787	0.32659043516306835	4.504620008691077E-4	7.593404001533702E-4
92	92	0.003118454401933668	0.002558730727019896	6.300600329646738E-4	0.3270429977658949	0.0010303276539723948	0.07323872037311888	0.14841923028864393	2.6709651329388703E-4	0.44369438224315777
93	93	0.5666770942711015	0.07998094134171828	0.0013007302423833792	0.002878349304687016	0.002127064516026765	0.0018008860176702028	0.28773010170124097	0.05657532730558677	9.295052995852204E-4
94	94	0.4607029573216633	0.4598729393160305	9.343202644962481E-4	0.0020675309883931466	0.041770107487441165	0.0012935843617152445	0.032294813290222144	3.960792176779163E-4	6.676677523602604E-4
95	95	0.0720382362939271	0.2852004779868348	0.002139948250203781	0.004735431188832759	0.0034994250466580763	0.0029627994773676752	0.6269872971954492	9.071718349905734E-4	0.0015292127257361524
96	96	0.1324582818248447	0.06070803113203402	9.872948570536528E-4	0.0021847569716794964	0.001614508365275306	0.0013669287031627061	0.7995561382784363	4.185363300560322E-4	7.055235374577537E-4
97	97	0.04152452585266158	0.6490850487340061	8.647234672125351E-4	0.0019135221966063442	0.24971150329845399	0.0011972262583830667	0.05471894091558793	3.6657558164591384E-4	6.179336954424829E-4
98	98	0.6376083502254908	0.004067143905727234	0.0010014906204292623	0.0022161703764811075	0.260449706496775	0.0013865830103666705	0.09213033326585714	4.2455423105402005E-4	7.156678678187584E-4
99	99	0.34824920230046164	0.36513755021804245	0.0012538980539462266	0.0027747156744132623	0.002050480545740953	0.16375645656537363	0.09734783452651702	5.315553768093162E-4	0.018898306738695504
100	100	0.0034981804374574306	0.10434312090909088	7.067807951189303E-4	0.20450965577636257	0.0011557879573492339	0.5489317808591223	0.13605000566761768	2.996201570683215E-4	5.050674408125811E-4
101	101	0.1363480111787187	0.06319213207022399	3.901024383342831E-4	8.632466944712142E-4	0.7007275970098096	0.00614082166984303	0.09189394756379309	1.6537313217004606E-4	2.7876824263609214E-4
102	102	0.08745509082326602	0.0038989609364671455	0.014743949058751675	0.5259116524847375	0.0015700000129669639	0.05646473233530115	0.30886254227497384	4.0699822791135986E-4	6.860738456243867E-4
103	103	0.7854021879607196	0.005948950036868189	0.0014648652227269804	0.0032415589781095047	0.12858226689122348	0.0020281340522586406	0.02960198622087541	6.209890692396718E-4	0.04310906156797842
104	104	0.15261025225049307	0.0028132078478831017	6.927222980739714E-4	0.20044177728949206	0.5879139696293889	9.59087334237664E-4	0.053780301702761484	2.9366044633219956E-4	4.950212013374779E-4
105	105	0.03189965185259579	0.019593507994841906	0.7285628385967903	0.06060411165954482	0.018585067473360195	0.02444923980775067	0.026305996349763418	0.04792358276332478	0.04207600350202819
106	106	0.06809334066536248	0.07574845614855266	5.683643215991235E-4	0.205258487616401	0.4578911628888416	0.008946942134852075	0.10124584115145059	2.4094232396467994E-4	0.08200646274897584
107	107	0.07964904811054198	0.3718313579167439	0.001276884877519644	0.27780994235459155	0.002088070551082562	0.13009390621854244	0.13579702462823287	5.413000044748291E-4	9.124653382702807E-4
108	108	0.5636114892252853	0.008690523212945769	0.002139948250203781	0.004735431188832759	0.0034994250466580763	0.0029627994773676752	0.41192399903797994	9.071718349905734E-4	0.0015292127257361524
109	109	0.0036080150770524126	0.0029604213662641965	0.8275337146045594	0.0016131217104410082	0.0011920769813184894	0.0010092758124953638	0.16125342155167677	3.090275254289169E-4	5.209253707634813E-4
110	110	0.017340627439912243	0.003647572574667218	8.981756745120752E-4	0.001987547643607904	0.001468773112334497	0.0012435414822649685	0.9723911666216227	3.8075671909983073E-4	6.418387319785529E-4
111	111	0.00943356188974099	0.2896056255032065	4.886210630341758E-4	0.0852630971141025	0.18319302419323377	0.028737119028908492	0.15017711992421656	2.0713737648821523E-4	0.2528946939070688
112	112	0.05263283379520737	0.03592314444720707	0.0010960473501877587	0.06536940653487466	0.0017923496744395627	0.0015174986198835789	0.8404208422794996	4.6463893966206904E-4	7.832383590383089E-4
113	113	0.007916235539582489	0.02945824340312471	0.001599415281471721	0.600574009920476	0.025578373067947344	0.0022144211943382424	0.3308383273252953	6.780278428071785E-4	0.0011429464249570127
114	114	0.019613290988006366	0.0023661012454284434	5.82627086527659E-4	0.11839650613135434	9.527612732046945E-4	0.2099267067326569	0.304541791776085	0.3432038678971374	4.16346869599221E-4
115	115	0.920611276216546	0.00431533511525262	0.0010626050472049295	0.002351408769565413	0.06276112593519789	0.0014711971087185017	0.006217249406492048	4.504620008691077E-4	7.593404001533702E-4
116	116	0.013928127741394354	0.18936444597359184	7.214217347189906E-4	0.0015964138303647404	0.001179730064705419	9.9882225581089E-4	0.3460179291610666	0.4456775793430566	5.155298952906342E-4
117	117	0.007931300970153599	0.16091475201043923	0.07708501013140809	0.1306654085113274	0.0478559144531818	0.17161122086295413	0.14985401344102825	1.7415149169505898E-4	0.25390822812781244
118	118	0.01779968657084589	0.003744134910831025	0.6230384027261742	0.015276684277175637	0.2794745802964477	0.05422254262411021	0.005394301932638582	3.9083650711054646E-4	6.588301546662616E-4
119	119	0.012643201206467551	0.016189330379934537	0.022943433516465474	0.015702718245869034	0.6997350633671866	0.007924574875302721	0.2245619194440594	1.1161328735148205E-4	1.8814567736321516E-4
120	120	0.5805257840371928	0.38147209667224663	0.0013779271193161391	0.022832134526445214	0.0022533034027085136	0.0019077665773328104	0.008062183204655326	5.841340664169153E-4	9.846703936857075E-4
121	121	0.002245157107716656	0.001842179406227509	4.536169457605933E-4	0.0010037961584039323	7.417929388862535E-4	6.280413788962533E-4	0.9925689618353536	1.9229834975180833E-4	3.2415587900343315E-4
122	122	0.8928121326347065	0.04702228314400676	0.0014346920246780938	0.003174789558291096	0.0023461301949339254	0.0019863586796994024	0.04959018104025707	6.081979770069806E-4	0.0010252347464201454
123	123	0.6931531970579825	0.10661993645274598	0.001405736751022113	0.003110715249046159	0.0022987800733340557	0.001946269546867892	0.10913600846230592	0.08132481317603858	0.0010045432306567705
124	124	0.14430098039492478	0.038374276643094576	8.141835458851189E-4	0.668089953984925	0.0013314220532089746	0.08295212804838743	0.06321008701592294	3.4515058075324954E-4	5.818177328979546E-4
125	125	0.004227427767979037	0.0034686572038628706	0.2583694062160049	0.0018900573767610936	0.001396729011595869	0.0011825451125271238	0.7284927407098277	3.620803999342805E-4	6.103562015071718E-4
126	126	0.19503768987445272	0.22138930623257944	9.47023712445608E-4	0.002095642090434695	0.0015486535708495242	0.24604744956165175	0.33185602479459525	4.0146449285259893E-4	6.767456701384301E-4
127	127	0.4316557960830517	0.036087653080738705	0.001959354569107169	0.06059687477111883	0.0032041029280799826	0.0027127640552877283	0.46155268037090125	8.30614142040515E-4	0.0014001599996741193
128	128	0.04409969542855202	0.0016983875131914657	0.6728947659743413	0.04895948426507132	0.006688147024146473	0.060621569075969335	0.1645618084872562	1.772884415718312E-4	2.9885378990011496E-4
129	129	0.3452524395475718	0.006808034030948972	0.001676405453949503	0.1481190180546484	0.002741400514403303	0.0023210155677105414	0.49117305732763267	7.106656956320116E-4	0.001197963807502798
130	130	0.3774586266936868	0.05805389507013352	0.0012317242245437742	0.002725647832086593	0.03738205448005271	0.0017053458598318358	0.5200403570289094	5.221553955219766E-4	8.801934152335072E-4
131	131	0.3474849203222091	0.05607079256066305	0.18906789186692627	0.036792221108961666	0.0019454149051590375	0.0016470917900564656	0.36563722242264446	5.04318734020759E-4	8.501262893591756E-4
132	132	0.008589926732313919	0.014582465877780825	0.524244067436299	9.845600278729865E-4	7.275776764747712E-4	6.160059812289692E-4	0.44974883904961294	1.8861326276901606E-4	3.1794395564760153E-4
133	133	0.0016219382476166892	0.034264471587913216	0.05678538778481018	0.01013477335646385	0.14168010205594855	4.5370737309057544E-4	0.05367023842569652	1.3891947576587642E-4	0.7012504616926946
134	134	0.1371603840949566	0.09865558091459414	0.0013007302423833792	0.0589022680233146	0.002127064516026765	0.0018008860176702028	0.69857217230451	5.514085869591926E-4	9.295052995852204E-4
135	135	0.7692222415882916	0.14860980158248532	0.001959354569107169	0.004335800520245528	0.0032041029280799826	0.0027127640552877283	0.06772516061478807	8.30614142040515E-4	0.0014001599996741193
136	136	0.828755054968886	0.011522632079859695	0.0028373247217505105	0.08774982004776248	0.004639834255735102	0.00392833060422105	0.05733663822058105	0.0012028052893566096	0.0020275598118475483
137	137	0.8454401457182508	0.08871523111986679	0.001169671122584931	0.0025883322711370504	0.001912745517250988	0.0016194321476496857	0.05722274229980781	4.958497003419645E-4	8.358501031100344E-4
138	138	0.026854912789286464	0.002271114145454291	5.59237530640066E-4	0.0012375209747743207	9.145126857935468E-4	0.0248612663539039	0.9426647296160207	2.370732735326823E-4	3.996326305940403E-4
139	139	0.6002809521422889	0.31113074668050805	0.0012538980539462266	0.0027747156744132623	0.002050480545740953	0.001736045952770331	0.0793455666806722	5.315553768093162E-4	8.960388928506897E-4
140	140	0.9630147572320138	0.008690523212945769	0.002139948250203781	0.004735431188832759	0.0034994250466580763	0.0029627994773676752	0.01252073103125143	9.071718349905734E-4	0.0015292127257361524
141	141	0.003983204876300841	0.04948509995031968	8.047763001155275E-4	0.5563828348969555	0.0013160385263115174	0.047331058928269984	0.3051181055863878	3.411626392662557E-4	0.03523771829607289
142	142	0.2652013607419855	0.11349146654024772	0.0014963348389701071	0.003311197205222758	0.0024469337579450506	0.0020717043407220263	0.6102773879669381	6.343297420858528E-4	0.0010692848658828758
143	143	0.24906915614416028	0.20380149489936983	0.0015291862604064547	0.003383893190115082	0.002500655191153413	0.0021171877650305944	0.5358574097775247	6.482561930005523E-4	0.0010927605792391216
144	144	0.004227427767979037	0.9722166398833406	8.541196809538295E-4	0.0018900573767610936	0.001396729011595869	0.0011825451125271238	0.01726004456540101	3.620803999342805E-4	6.103562015071718E-4
145	145	0.018945159860916976	0.7039585378801296	0.08535698331892543	0.034858010505215205	0.028965975846583163	5.462228018023444E-4	0.09859911647497362	0.022823902979191624	0.0059460903322620835
146	146	0.03428795606799509	0.0028997250021160093	7.140262205509895E-4	0.022082658316273845	0.07292677063004395	0.8518468901741557	0.014429036893064082	3.026916546542386E-4	5.102450411461508E-4
147	147	0.07349050362937275	0.055331958064504166	6.134135853982781E-4	0.0013574056399130775	0.0010031059697348538	0.7846549288652624	0.08285029754947162	2.600397125588956E-4	4.3834698378391175E-4
148	148	0.11816003596952233	0.060342102436300366	0.5376405264352591	0.0017605253243730534	0.00130100642786565	0.001101501278963945	0.2787885099098525	3.372658001715252E-4	5.685264176915741E-4
149	149	0.040083412154384754	0.2766993529242731	0.002076161654084429	0.004594279627497436	0.03320265721650047	0.0028744857092064674	0.6381058887870523	8.801312729377833E-4	0.0014836306540632433
150	150	0.05937265253525064	0.15142712566275912	4.955741200240991E-4	0.6129848170893619	8.104048721377834E-4	0.07895089847326651	0.09539430372702482	2.1008493256474283E-4	3.541385876103224E-4
151	151	0.7311369713193566	0.022686060607566526	0.0012317242245437742	0.002725647832086593	0.0020142200174857127	0.0017053458598318358	0.2370976813283734	5.221553955219766E-4	8.801934152335072E-4
152	152	0.19401163737143684	0.48216187988704035	0.0025283439576365063	0.005594901106579859	0.004134562679764453	0.003500540798394455	0.014793215043888037	0.0010718214458307678	0.2922030977094288
153	153	0.18859763464594834	0.1671666039421901	0.001405736751022113	0.003110715249046159	0.12339211505222225	0.001946269546867892	0.5127804583919333	5.959231901131159E-4	0.0010045432306567705
154	154	0.03394002650776596	0.1855213770965803	7.067807951189303E-4	0.021858579354511437	0.0011557879573492339	9.785515935688944E-4	0.7550342090972244	2.996201570683215E-4	5.050674408125811E-4
155	155	0.006687687387916365	0.14128162698476585	0.5833267510882383	0.0029900245668883856	0.0022095911527903137	0.0018707574602677402	0.26009519042722307	5.728023415074963E-4	9.655685904025347E-4
156	156	0.29817813119273406	0.01300417405613418	3.967690115923139E-4	0.5078602354770977	6.488303709081248E-4	5.49334321551679E-4	0.12764292752150092	0.03434677698367797	0.017372821064802972
157	157	0.021499147227347283	0.08446020580042879	0.0011135704938745156	0.45011640301577993	0.12972163764810035	0.0015417597490730431	0.3102794482297004	4.7206739145365097E-4	7.957604442420703E-4
158	158	0.2844704156519403	0.22002777222908146	8.867410191879091E-4	0.001962244217017821	0.0014500741932192902	0.0012277099822204734	0.488965465897096	3.7590931344321237E-4	6.336674967935636E-4
159	159	0.004563166366362138	0.13610933695566857	9.21953115437785E-4	0.0020401640726918843	0.08092677722919144	0.17335122446446397	0.5878011909299237	0.0136273567115943	6.588301546662616E-4
160	160	0.1850311587754393	0.0027055752633330884	0.010231152480677807	0.20233786171853663	0.0010894577472645678	9.223929077412853E-4	0.5969238942095573	2.824250757062328E-4	4.7608182174378814E-4
161	161	0.005180287145568207	0.09441022136068836	0.0010466376829750441	0.5132212182474599	0.016738172651116448	0.0014490899860856348	0.3667627497682883	4.4369307872016845E-4	7.479300790979522E-4
162	162	0.4891389760802987	0.20943530272415922	0.10290267319623977	0.003897271192384464	0.0028800351816770614	0.002438391054902642	0.1873022002506624	7.466045895437838E-4	0.0012585457301319707
163	163	0.058182212922010465	0.1471631570011094	2.825091668957494E-4	0.6211925689978056	0.02885395609028601	3.9113937075375396E-4	0.14361281270464973	1.1976194251896979E-4	2.0188180397024037E-4
164	164	0.009181195291495312	0.4070160146171802	0.00185499079429467	0.2171623125337842	0.0030334384236893443	0.0025682704034243505	0.3570718245601196	7.863720081037799E-4	0.0013255813679086373
165	165	0.22222969510226767	0.0034266376055370773	8.437728049708508E-4	0.6681416794434242	0.0013798089216048833	0.0011682196638851585	0.10184953003374657	3.576941282237357E-4	6.029622963399426E-4
166	166	0.823696763177523	0.0044511473295615256	0.0010960473501877587	0.018161410858406352	0.0017923496744395627	0.0015174986198835789	0.132300907132475	4.6463893966206904E-4	0.01651923691786108
167	167	0.003983204876300841	0.0032682692755381312	8.047763001155275E-4	0.001780866799576857	0.0013160385263115174	0.001114228253488428	0.09714236754987082	3.411626392662557E-4	0.8902490857795315
168	168	0.07420747603362514	0.004831271756553565	0.0011896489185248167	0.7541455123664945	0.0019454149051590375	0.0016470917900564656	0.16067913920620652	5.04318734020759E-4	8.501262893591756E-4
169	169	0.00438888564578532	0.003601135406143523	0.013617719655831317	0.014693222853661229	0.8416946642116842	0.0012277099822204734	0.11976708543443718	3.7590931344321237E-4	6.336674967935636E-4
170	170	0.016109679708695732	0.0843901461471292	4.7854976298014916E-4	0.0010589692871352965	0.8183791290105439	0.06936815494116158	0.009670530278116795	2.02867927565849E-4	3.4197293667151814E-4
171	171	0.05008381945890226	0.04010129198281256	3.3721962745144165E-4	0.010429176963284317	0.06833212221972362	4.6688705480429763E-4	0.07459520394057205	1.4295492809269123E-4	0.7555113238243568
172	172	0.014639565184614463	0.30927007613558194	0.002957812984883554	0.006545261016484068	0.004836866892293463	0.04656059611027502	0.611822277676053	0.0012538829538519176	0.0021136610459626024
173	173	0.5132896505958726	0.0035117201380331815	0.4353852330991174	0.0019135221966063442	0.0014140692230797634	0.0011972262583830667	0.04230406921181922	3.6657558164591384E-4	6.179336954424829E-4
174	174	0.9757043120087217	0.005708823970339139	0.001405736751022113	0.003110715249046159	0.0022987800733340557	0.001946269546867892	0.008224895979899076	5.959231901131159E-4	0.0010045432306567705
175	175	0.3647795382229583	0.11110461247130855	0.0014648652227269804	0.0032415589781095047	0.0023954719698950694	0.14924606146047514	0.36610010601108456	6.209890692396718E-4	0.0010467965942022686
176	176	0.7450167703834092	0.11460313724132092	0.0010960473501877587	0.12831340077016576	0.0017923496744395627	0.0015174986198835789	0.006412918661892849	4.6463893966206904E-4	7.832383590383089E-4
177	177	0.00232072691311806	0.392348907323897	4.6888525112777097E-4	0.08181924957148487	7.667609680041714E-4	0.047771819497122614	0.47396981289927076	1.9877092524321098E-4	3.3506665073153E-4
178	178	0.08457301340429373	0.007152321386156706	0.0017611825272385512	0.003897271192384464	0.0028800351816770614	0.002438391054902642	0.8952926349336711	7.466045895437838E-4	0.0012585457301319707
179	179	0.03575405911434531	0.003023713018513067	7.445569414562483E-4	0.0016476090775083437	0.5784578941774084	0.0010308533941449187	0.2822868956823327	3.1563430880700673E-4	0.09673878428548396
180	180	0.04888066194011254	0.001120038034898	0.0675895852902679	0.07584336131505877	4.5100727039001725E-4	0.03601855800958235	0.10456417589291477	1.1691666134256204E-4	0.6654156955854331
181	181	0.04785958542295969	0.0042328732659935465	4.048257001118163E-5	0.010551362458568865	6.474105196384601E-4	0.009936618631725494	0.09497408897296035	0.8317286492056664	2.892895247616783E-5
182	182	0.1745096632407083	0.11733022048747	0.0013007302423833792	0.002878349304687016	0.002127064516026765	0.0018008860176702028	0.69857217230451	5.514085869591926E-4	9.295052995852204E-4
183	183	0.003266180457747997	0.11637169042029226	6.599069608333012E-4	0.20042084960926543	0.6548066904618037	9.136538691914679E-4	0.013335395269526425	0.009754061677495717	4.715712738436809E-4
184	184	0.002160725490741041	0.03311132417373263	4.3655817865406434E-4	0.10751668196472462	0.03205231895691339	6.044231880063811E-4	0.15924639005291052	1.8506675755922467E-4	0.664686511236758
185	185	0.33152003221728876	0.002991732487902835	7.366820783619287E-4	0.0016301830148448759	0.0012046850741359607	0.001019950494853793	0.19468865869079874	0.4551050649418611	0.011103010999952067
186	186	0.0063198855009534045	0.20684074204516958	0.3129258259682711	0.0028255825686343684	0.002088070551082562	0.22175535948052816	0.24579076854261572	5.413000044748291E-4	9.124653382702807E-4
187	187	0.16865634947645433	0.00649536998357159	0.04752516212057797	0.0035393010120948827	0.0026154996483942214	0.0022144211943382424	0.7671329222968045	6.780278428071785E-4	0.0011429464249570127
188	188	0.21259182119834266	0.21080081601432185	0.05990560568471615	0.033406068289926844	0.0032968449472658527	0.03173605340937155	0.2722988329215576	0.08768896315178275	0.08827499438271476
189	189	0.831018328848342	0.1500119561212808	0.0014346920246780938	0.003174789558291096	0.0023461301949339254	0.0019863586796994024	0.008394311849347455	6.081979770069806E-4	0.0010252347464201454
190	190	0.003570645123607128	0.23079437644474074	0.10429624791259123	0.26053347927504533	0.001179730064705419	0.07350120058032146	0.25280058560098156	0.07280820510271645	5.155298952906342E-4
191	191	0.20999281938343506	0.25622712427072586	0.0010960473501877587	0.002425412299583582	0.0017923496744395627	0.06446149285517466	0.4627568768677532	4.6463893966206904E-4	7.832383590383089E-4
192	192	0.20976528268152786	0.2981659768532633	0.001563512540905035	0.3626185127178189	0.0025567884391064434	0.09195437812724117	0.03159545053972718	6.628078695961583E-4	0.0011172902308139291
193	193	0.5636271158975863	0.07176433525496867	7.955839578486615E-4	0.0017605253243730534	0.00130100642786565	0.001101501278963945	0.3587441396405306	3.372658001715252E-4	5.685264176915741E-4
194	194	0.20535670165749978	0.7446979220009103	5.875417569521559E-4	0.0013001545996955252	9.607981595069293E-4	8.13462853722638E-4	0.0456144879985996	2.490720669236355E-4	4.1985890618946283E-4
195	195	0.1767748672786083	0.4400360770082837	0.001676405453949503	0.07591434422509262	0.002741400514403303	0.07452568939726632	0.22642258661926146	7.106656956320116E-4	0.001197963807502798
196	196	0.013928127741394354	0.23079437644474074	0.39430576121063354	0.1466011704793859	0.011537212682492644	0.04242875272695979	0.15958324204089655	3.0582677820586914E-4	5.155298952906342E-4
197	197	0.1973625171094116	0.004522310399490456	0.0011135704938745156	0.4980791402563429	0.001821005006599014	0.0015417597490730431	0.2942918691495127	4.7206739145365097E-4	7.957604442420703E-4
198	198	0.010796918625650798	0.16285105578181097	5.59237530640066E-4	0.0012375209747743207	9.145126857935468E-4	0.6752100299811484	0.1477940185160552	2.370732735326823E-4	3.996326305940403E-4
199	199	0.6720018854149025	0.004831271756553565	0.0011896489185248167	0.0026325405728886754	0.0019454149051590375	0.0016470917900564656	0.280238021082462	5.04318734020759E-4	0.03500980682543217
200	200	0.19535356519543642	0.003601135406143523	8.867410191879091E-4	0.06561713740023485	0.039643010103149516	0.0012277099822204734	0.145229042707724	0.5478079906891098	6.336674967935636E-4
201	201	0.3908456793114399	0.0029604213662641965	7.289720500563015E-4	0.0016131217104410082	0.0011920769813184894	0.10566810398395145	0.23451460127169602	0.010774910342574526	0.2517021129822581
202	202	0.0868700886459962	0.050655672264195456	8.238133204857881E-4	0.0018229932855772508	0.0013471694781422854	0.0011405853740394857	0.8564017455788788	3.4923285717942146E-4	5.886991955052451E-4
203	203	0.1766379290246509	0.1228728167511848	0.014158473319921537	0.0020401640726918843	0.001507656002288933	0.0012764618061751965	0.6672203121568262	0.0136273567115943	6.588301546662616E-4
204	204	0.013374042106791753	0.0028132078478831017	6.927222980739714E-4	0.2302781080345709	0.0011327983095048	9.59087334237664E-4	0.7499613524212682	2.9366044633219956E-4	4.950212013374779E-4
205	205	0.1973625171094116	0.004522310399490456	0.0011135704938745156	0.0024641887705252343	0.001821005006599014	0.01752933882926071	0.757931662474955	0.01645964647164132	7.957604442420703E-4
206	206	0.008102287338136975	0.9702529764688483	0.0016370056346472204	0.003622483645511157	0.0026769705850874514	0.002266465760711205	0.009578038742810286	6.939632326769635E-4	0.0011698085915703483
