0	0	0.0839479043298935	9.615541777420406E-4	0.028015013143661664	9.541905557812268E-4	0.46103520439981477	2.1288943036492188E-4	9.496667988380701E-4	0.4239235771639038
1	1	0.41667963380581285	0.0029684565890003758	0.047106307865365835	0.002945724024747143	0.005599262173652882	6.572204114169271E-4	0.5148728362198886	0.009170558910115414
2	2	0.060292307379321564	0.0012691554272079724	0.9293298466951327	0.0012594361820610995	0.0023939490987957865	2.809927741953393E-4	0.0012534652749518827	0.003920847168333622
3	3	0.6946737461314927	5.780933527531268E-4	0.009173738147499949	5.736662897687721E-4	0.04710497761343792	1.2799067115943353E-4	0.06959276692083638	0.17817502087305173
4	4	0.8822510951488998	0.0048968337981243155	0.012745357195982883	0.06982161795619113	0.009236670786462689	0.0010841658036600545	0.004836295848068537	0.015127963462610554
5	5	0.214242331304137	9.739783941087072E-4	0.015456020565404188	0.6857781326133735	0.0018371703329926555	2.1564016912333615E-4	9.619374186930121E-4	0.08053478920216757
6	6	0.1305916006865856	0.0014958193443965634	0.023737091796866183	0.79523678099012	0.022665305164697464	3.311764802532483E-4	0.021321137437794204	0.004621088099286724
7	7	0.22388202536653057	3.2717775230082526E-4	0.0312343654678631	0.030707467564497774	0.5995922486291011	7.243760874604006E-5	3.23132961065367E-4	0.11386114464989532
8	8	0.21072762573145326	0.19832503594486373	0.3805490264146891	0.025329207766619483	0.0011712741926135468	1.374797755271579E-4	6.1327600015677E-4	0.183147074174077
9	9	0.3498995814659124	0.0011184994101868994	0.3441901661125023	0.015948149706900103	0.002109773631832543	2.4763732279479576E-4	0.0011046717688531773	0.2853815205810178
10	10	0.00646896790308724	3.084354876962349E-4	0.025353354565177448	3.060734758790457E-4	0.016948831808251137	6.828804533320208E-5	3.046224009305096E-4	0.9502414263136452
11	11	0.297802814566386	0.0012081320290693149	0.6923183260074046	0.001198880103648214	0.0022788434893111593	2.674821090977395E-4	0.0011931962890683783	0.0037323254060145587
12	12	0.9631256162450604	0.010400839031665905	0.02124113463288676	7.234724451794052E-4	0.001375183778908456	1.6141391864108305E-4	7.200425081744395E-4	0.0022522974394834864
13	13	0.025206412710590036	7.361757153137104E-4	0.6757866881845516	7.305380510096236E-4	0.0013886141543023216	1.6299032577618273E-4	7.270746164152734E-4	0.2952615062420414
14	14	0.037741399049448524	0.0048968337981243155	0.20763221014201008	0.004859333640848729	0.009236670786462689	0.0010841658036600545	0.719421423316835	0.015127963462610554
15	15	0.7660454201050572	0.0022573116346048107	0.005875274569601785	0.21186136072863973	0.004257862384319231	4.99771930870909E-4	0.0022294052312777516	0.006973593415628594
16	16	0.9863188279000634	0.0012691554272079724	0.0033033261743908604	0.0012594361820610995	0.0023939490987957865	2.809927741953393E-4	0.0012534652749518827	0.003920847168333622
17	17	0.1284690244008264	2.883760663988792E-4	7.505780519718764E-4	0.011763115094525723	0.8115815683842142	6.384686159930988E-5	0.04619260066391851	8.908904765451974E-4
18	18	0.2645546355299797	0.41771887245046563	0.001279038544671239	0.16346712632072014	0.11175297412817124	1.0879960681939469E-4	0.03960041249353776	0.0015181409256349154
19	19	0.26859662872689544	0.001913502287225341	0.6903718523594333	0.02728371661462583	0.0036093507365951133	4.2365206387638725E-4	0.0018898462860884359	0.005911450925260054
20	20	0.4127894036708039	0.0011706086411317246	0.34469596987195583	0.18751571979187628	0.0022080648606174506	2.591743788956264E-4	0.04774465572059228	0.0036164030641268963
21	21	0.11522877748223019	0.11709169251660778	7.392653722259231E-4	0.011585821935567026	0.6599338487075112	6.28845644788976E-5	2.8051830916468533E-4	0.09507719111221452
22	22	0.46900474329313924	8.931920191746859E-4	0.0023247779684381193	0.30896677766547354	0.0016847867357418934	1.977539535162893E-4	8.821497792138916E-4	0.21604581858530233
23	23	0.7339123803707563	0.0016979864745492884	0.09452266172531325	0.0016849832233726187	0.003202833241202854	3.7593656364011586E-4	0.0016769948247140367	0.16292622357645142
24	24	0.24986645945349853	5.780933527531268E-4	0.009173738147499949	0.5604173202120718	0.02409770416457615	1.2799067115943353E-4	5.70946574251077E-4	0.15516774742418996
25	25	0.3430744745126995	9.376329997530385E-4	0.27609425121051745	9.304525671700525E-4	0.08884027840555023	2.075932483362658E-4	9.260413505262583E-4	0.2889892757054472
26	26	0.6242780190798171	0.0013608018725268173	0.003541861262467203	0.0013503807950828138	0.0025668175438069226	3.01283424468124E-4	0.3623968622183249	0.0042039738035060635
27	27	0.8957904729925504	0.0043337705313006986	0.011279830131872011	0.00430058233598512	0.008174590625687766	9.595028143992977E-4	0.004280193547724581	0.07088105702048011
28	28	0.20962823789301674	0.5120599931054973	0.2610790098511874	0.0023827311285404976	0.004529119552931396	5.316110808206912E-4	0.0023714347512905827	0.007417862636715289
29	29	0.10063112009940316	0.10283441709800945	0.13011156783923655	0.013702721930928294	0.4774744478677435	7.437449889995157E-5	0.0627221589701154	0.11244919169566374
30	30	0.05148806501563807	0.17598261250936295	0.12174337478006292	0.019141382795567687	0.1765989359698367	1.5396818397432843E-4	0.2959073536328902	0.15898430711266717
31	31	0.04958110327652655	8.158539760122117E-4	0.0021234844335581648	8.096061322675273E-4	0.3803532404004499	0.5629904971273423	8.057678409116996E-4	0.0025204468129316235
32	32	0.24442188147377164	0.011378580399619826	0.0010756754414636997	4.101152897454176E-4	0.49970071008588945	9.150081174966562E-5	0.24164477520140223	0.0012767612963581142
33	33	0.2693624229808294	0.5183469174882213	0.08981226353597693	7.305380510096236E-4	0.0013886141543023216	1.6299032577618273E-4	0.010493315027224847	0.10970293843665946
34	34	0.07728960286881906	0.9006344645514371	0.005875274569601785	0.0022400250480455294	0.004257862384319231	4.99771930870909E-4	0.0022294052312777516	0.006973593415628594
35	35	0.49876008923531134	8.071183192232343E-4	0.11988190379818353	0.011508315220302913	0.11930358621701138	1.7869711680731123E-4	7.971401801822574E-4	0.24876314991297802
36	36	0.0020215276888263687	0.08725101824174415	6.826745463755743E-4	2.602785734400244E-4	0.7520773765354967	5.8070745827571995E-5	2.5904460922122094E-4	0.1573900090590685
37	37	0.9892222428642603	9.998155758903832E-4	0.0026022951094871447	9.921589465482087E-4	0.0018859058122851619	2.21360557052649E-4	9.874551838710696E-4	0.0030887659506051027
38	38	0.9119749181204612	9.739783941087072E-4	0.015456020565404188	9.665196269812442E-4	0.0018371703329926555	2.1564016912333615E-4	9.619374186930121E-4	0.06761381537223564
39	39	0.9850612180580128	0.0013858195803002403	0.0036069767299186668	0.0013752069162076277	0.002614007287233287	3.068223797139187E-4	0.0013686871473860029	0.004281261901227407
40	40	0.1635962073632205	0.14292906123586674	0.004490334962850085	0.011542330559553858	0.38342589804716865	0.12393952287983298	2.7946528700274384E-4	0.1697971796645046
41	41	0.4514947752812399	5.526628233494837E-4	0.0894191587208126	0.27182226066453696	0.16967214049112203	1.2236031663137866E-4	5.458304341410872E-4	0.016370811268166523
42	42	0.7792348944704969	0.045157215537173744	0.019540234392684628	6.655398310769525E-4	0.045751604519202106	1.484885745983259E-4	0.089635463833215	0.019866558841552334
43	43	0.8270637248952198	0.001913502287225341	0.030365284160504588	0.0018988486069747208	0.0036093507365951133	4.2365206387638725E-4	0.0018898462860884359	0.13283579096351558
44	44	0.16678555039609938	5.825610666736674E-4	0.016972996756327022	0.6961305584604915	0.0010988579575513299	1.2897982922623202E-4	5.753590552898545E-4	0.11772513647834093
45	45	0.08747385537136276	5.693603991568898E-4	0.00903515528858173	0.09120385867447256	0.8092704460935464	1.2605718310484265E-4	5.623215832956898E-4	0.001758945406479186
46	46	0.13417105457329515	4.914133890750371E-4	0.07299000807084774	4.876501248644565E-4	0.053080362697663204	0.6650650624859106	4.8533820653239897E-4	0.07322911045181142
47	47	0.214242331304137	9.739783941087072E-4	0.002535046735472258	9.665196269812442E-4	0.0018371703329926555	2.1564016912333615E-4	9.619374186930121E-4	0.7782673760184918
48	48	0.07700446074400334	0.10688875902936235	0.22072886000131955	4.973776058655178E-4	9.454204097696769E-4	1.1096990485541544E-4	0.12018100554748697	0.4736431467573372
49	49	0.4523531022452439	0.0011527076602482662	0.4617610984600207	0.001143880176953113	0.0021742990694977675	2.552110768670274E-4	0.0011384571135395435	0.08002124419762961
50	50	0.3032972299319489	5.369167200917382E-4	0.6068384043547598	0.07888398427880158	0.0010127611407057238	1.1887410750182092E-4	5.302789947931022E-4	0.008781550471397365
51	51	0.010691975994531422	0.029310558299709265	8.12765136936756E-4	3.0987730757915644E-4	0.14972307886830108	6.913671812600455E-5	3.0840819890563765E-4	0.8087741994759107
52	52	0.877015037524915	0.03746609022182653	0.003541861262467203	0.0013503807950828138	0.03867210589310663	3.01283424468124E-4	0.037449267074627535	0.0042039738035060635
53	53	0.22888688025132747	0.010013447450414504	0.5605196749829058	6.965258561901344E-4	0.001323963428607804	1.554018658645737E-4	6.93223671255545E-4	0.19771088249343421
54	54	0.010488117141722025	0.0013608018725268173	0.003541861262467203	0.0013503807950828138	0.9774096029748991	3.01283424468124E-4	0.0013439787253278267	0.0042039738035060635
55	55	0.22642092671026717	0.009290239881709758	0.014307469026717807	0.040622491069702074	0.4885646269583382	7.470742928124514E-5	3.3325827916082235E-4	0.220386280644823
56	56	0.09836874212113447	4.759009708838861E-4	0.3611018075806481	0.08254630697226113	8.97669959044999E-4	1.0536513588812435E-4	4.700175632791803E-4	0.45603418969686016
57	57	0.04687534664225547	9.867278792132863E-4	0.7879748793258005	9.791714759976252E-4	0.08040188395099224	2.1846292283205963E-4	0.07951519414086061	0.0030483336620482217
58	58	0.750755661859726	0.0015905043444331016	0.15183915661407946	0.0015783241958876087	0.003000094677420837	3.521398707604953E-4	0.08597051658767182	0.004913601850020656
59	59	0.5819641630507514	4.4499713327369084E-4	0.024771877825663004	4.41589326684188E-4	0.31372024471098314	9.852298332177202E-5	0.047666796493555576	0.030891808475767182
60	60	0.1577928091866879	0.0010270609022685394	0.016298384567259072	0.0010191956270816569	0.01556247340953926	2.2739271015126321E-4	0.0010143636852158408	0.8070583199117966
61	61	0.6191890640778124	0.0026548159700540224	0.07734842821827881	0.0026344852787299885	0.005007656401045381	5.877799427960281E-4	0.07306053460371041	0.2195172355075729
62	62	0.009463111981410416	0.0012278105145305362	0.980497118206003	0.0012184078904477768	0.002315962104987092	2.718389531084653E-4	0.0012126314958685021	0.003793118853644106
63	63	0.9820993645500299	0.0016605805749571943	0.004322117811849568	0.0016478637797182932	0.0031322762253335403	3.6765484552086423E-4	0.0016400513619892435	0.005130090850601402
64	64	0.1688008765326572	0.10450461428384454	0.3072103952185276	0.19630397222800527	0.10491347673453875	1.0214086119696473E-4	4.556345729199149E-4	0.11770888956830966
65	65	0.17512055780962135	7.508415127618059E-4	0.4701118498377118	7.450915371697423E-4	0.0014162775687520607	1.6623735369914806E-4	7.415591054199864E-4	0.35094758527486414
66	66	0.5068128421298056	0.0013366714190208105	0.42905966008092655	0.0013264351335952643	0.055718877007332045	2.9594090854935984E-4	0.0013201465887035832	0.004129426732066775
67	67	0.010680936283907514	0.0013858195803002403	0.0036069767299186668	0.0013752069162076277	0.020998540905612633	3.068223797139187E-4	0.0013686871473860029	0.9602770100569534
68	68	0.08931527550582927	0.04110877600245799	0.1290801085498998	2.1846901934731018E-4	4.1526813301916057E-4	4.874261728900987E-5	2.174332715743427E-4	0.7395959269005832
69	69	0.8009530587615807	0.11637075708888271	0.0028272983158615164	0.0010779443532042436	0.002048967585385851	2.4050013692584752E-4	0.07312564269257431	0.00335583106558474
70	70	0.7459511755698083	4.273378709049895E-4	0.012450547610640622	4.2406529968256213E-4	8.06067632854766E-4	9.461319810804056E-5	0.017429479679053332	0.22241671313894743
71	71	0.35551328375648794	9.376329997530385E-4	0.03975687557853761	9.304525671700525E-4	0.001768613699031327	2.075932483362658E-4	9.260413505262583E-4	0.5999595068001575
72	72	0.17599821223692763	0.647041593421474	0.001208153050207813	4.606241056954614E-4	0.15482256246279022	1.0276983237752946E-4	4.5844031600722756E-4	0.019907644574520118
73	73	0.08133075008357114	5.293754131988467E-4	0.10671969721716774	5.253214342256601E-4	0.5838901177239695	1.1720445168231759E-4	5.228309186037342E-4	0.2263647027575811
74	74	0.11568756817884719	6.421106156693178E-4	0.8194334222423427	6.371933058179714E-4	0.0012111835136618598	1.421641820766785E-4	6.341724127438758E-4	0.06161218554884041
75	75	0.7936277673771083	0.0014387199716735734	0.19460786249457712	0.001427702194179481	0.0027137908452902646	3.185345998323899E-4	0.0014209335485724285	0.00444468896876646
76	76	0.750755661859726	0.0015905043444331016	0.23623883174083357	0.0015783241958876087	0.003000094677420837	3.521398707604953E-4	0.0015708414609177021	0.004913601850020656
77	77	0.4963113545785514	0.00240111899788015	0.3247863691146396	0.0023827311285404976	0.004529119552931396	5.316110808206912E-4	0.16163983290992096	0.007417862636715289
78	78	0.15492067770144438	5.963883801447454E-4	0.3101123204414249	0.008503617510549	0.12771368053804288	1.3204121563219353E-4	5.8901542621993E-4	0.397432258786542
79	79	0.33456708533551127	7.985677525603008E-4	0.5317757162992404	7.924522874351226E-4	0.0015063013643449041	1.768040094730539E-4	7.886953213703412E-4	0.12959437763006468
80	80	0.004322930862371555	5.608873673729125E-4	0.14283569886462041	5.565920685415676E-4	0.7823454860537156	1.241812421004672E-4	5.539533008244533E-4	0.06870027024045307
81	81	0.031372548600011464	0.0014958193443965634	0.0038932813795513554	0.001484364297526845	0.0028214947473826336	3.311764802532483E-4	0.0014773270204793759	0.9571239881303986
82	82	0.7850910681376928	0.003366132295541949	0.18738416887485515	0.003340354314156997	0.006349379439733149	7.452663651398964E-4	0.0033245179060834556	0.010399112666796545
83	83	0.0053108618159863055	6.890684577860032E-4	0.0017934902406391013	6.837915428230083E-4	0.0012997579162974267	0.9874137165105961	6.805497304609222E-4	0.0021287637854110852
84	84	0.8259372302995126	0.0022573116346048107	0.1556048000557405	0.0022400250480455294	0.004257862384319231	4.99771930870909E-4	0.0022294052312777516	0.006973593415628594
85	85	0.344808229975076	4.850886298114187E-4	0.0012625766185947822	4.813738008708296E-4	0.28406704062090327	1.0739929633456186E-4	4.7909163819299824E-4	0.36830919942021617
86	86	0.07015247340886738	0.07727134203020906	0.07476221082608588	0.014483150220107797	0.5711925537415543	4.7629751651917385E-5	2.1246895021135665E-4	0.19187817107131244
87	87	0.6660372527549642	0.003222240809388406	0.2648677502871077	0.0031975647550003313	0.04882479393819622	7.134085902680494E-4	0.0031824053031759706	0.009954583561899145
88	88	0.5367789457425017	0.014176715302304764	0.0013401974548443117	5.109677569301413E-4	9.712527070762471E-4	1.1400200310999539E-4	0.4445171862026175	0.0015907328306152585
89	89	0.9890773679723012	0.0010132551228862815	0.00263727522808552	0.0010054955729331906	0.0019112562073032358	2.243360914224731E-4	0.0010007285821557084	0.0031302852229124177
90	90	0.7900053459975376	0.005628056627708395	0.014648565786904683	0.005584956735534025	0.010615942541816307	0.0012460595536570964	0.1548841165031728	0.017386956253669098
91	91	0.15905718974420227	0.10877961019323348	0.024701357408224153	5.78099789749941E-4	0.0010988579575513299	0.6493112745885851	5.753590552898545E-4	0.055898251263163896
92	92	0.7738702194043456	0.0017371164046422638	0.004521323365446417	0.00172381349483041	0.003276642215953959	3.8459998450660765E-4	0.20911974940880595	0.005366535721468739
93	93	0.12420592393619136	0.009160466373013487	0.001671269537302392	0.6991423654080399	0.02676625078569437	1.421641820766785E-4	6.341724127438758E-4	0.13827738736493794
94	94	0.42039918008471433	8.432336023992655E-4	0.13643262428017802	0.39236391685645644	0.0015905524881053479	1.866930906596299E-4	8.328089819584096E-4	0.047350990615528554
95	95	0.13561884207962527	8.827323059197144E-4	0.7986106488210678	8.75972305137799E-4	0.036796517142537497	1.954381584751193E-4	8.718193759630435E-4	0.026148029811273857
96	96	0.33704295641992105	0.00240111899788015	0.2929326894829135	0.35277320707752735	0.004529119552931396	5.316110808206912E-4	0.0023714347512905827	0.007417862636715289
97	97	0.9452738040537125	0.0014667141469285202	0.003817527095603242	0.0014554819888738166	0.002766594961465808	3.2473254911233177E-4	0.04036397283056956	0.0045311723737341695
98	98	0.18683668590027322	0.8043233771572409	0.0023526551608844077	8.969804606343443E-4	0.0017049895786373744	2.0012528750776364E-4	8.927279331259911E-4	0.0027924585216959714
99	99	0.8808578682004049	0.0018661308031035456	0.0048571188323956425	0.001851839895652285	0.0035199961002039884	4.1316395150198964E-4	0.0018430604400867113	0.1047908217766509
100	100	0.4294131972327917	0.03374732315433079	0.0013045523762249024	4.973776058655178E-4	0.26026505669397243	1.1096990485541544E-4	0.007144241013347301	0.2675172820186119
101	101	0.07422315554667604	0.02719586001860283	8.782539240480035E-4	3.348457616926564E-4	0.31846123565785395	7.470742928124514E-5	0.5016906221121669	0.0771413195496784
102	102	0.10976848869800218	7.819988478055829E-4	0.7178509159290493	7.760102680434375E-4	0.0014750482067290164	1.731356309493543E-4	7.723312525504073E-4	0.1684020711668709
103	103	0.010680936283907514	0.0013858195803002403	0.0036069767299186668	0.0013752069162076277	0.002614007287233287	3.068223797139187E-4	0.0013686871473860029	0.9786615436753328
104	104	0.96921318184202	0.002855987562048603	0.007433493380873303	0.002834116290290316	0.005387117057348292	6.323196126520723E-4	0.002820679924599799	0.00882310433016755
105	105	0.02285988782572888	3.761580348423546E-4	9.790547757698418E-4	3.732774009371429E-4	0.4298650643470382	8.328191132487666E-5	3.7150771643965763E-4	0.5450917679879191
106	106	0.9473354534730577	0.001041248090764907	0.0027101346285261516	0.0010332741694973433	0.0019640580460607462	2.3053377338762068E-4	0.0010283754821543093	0.044656922336551184
107	107	0.8823045435239618	0.03319734115968064	0.0677973373955491	0.0023091753952856056	0.00438930406736337	5.152000630655559E-4	0.0022982277411046884	0.0071888706539892
108	108	0.642330663254467	0.0013608018725268173	0.003541861262467203	0.03745566914438253	0.20114590346495534	3.01283424468124E-4	0.07355455542392725	0.04030926215280577
109	109	0.25459609053550236	0.16359118719301094	0.07024246868993816	0.11967110776353584	0.07617739444624474	1.0470409823863651E-4	4.670687766370982E-4	0.31514997849689225
110	110	0.07797958753606135	8.931920191746859E-4	0.8910183137799788	8.86351917472811E-4	0.0016847867357418934	1.977539535162893E-4	0.012731396923367765	0.014608617134686473
111	111	0.04413589484284565	2.872770452175123E-4	7.477175469802964E-4	0.8692088836795107	0.06151898662062746	6.360353678342734E-5	2.8372553333605726E-4	0.023753911194699148
112	112	0.2692887764114539	3.243620308143865E-4	8.442414249646974E-4	0.0046249235176597766	0.06085446558233796	7.18142040984498E-5	3.203520494200918E-4	0.6636710647792508
113	113	0.08992166076997735	0.022101530673889154	0.5867678007752722	0.07090704946002056	0.0333101955964367	9.050836040783291E-5	4.0374378732309103E-4	0.19649751057667314
114	114	0.3542256441692006	0.26047637469932794	0.29103853353675196	0.0010779443532042436	0.002048967585385851	2.4050013692584752E-4	0.0010728338873516952	0.08981920163185188
115	115	0.25631711958829667	9.867278792132863E-4	0.015658341587273483	9.791714759976252E-4	0.1458524379966301	2.1846292283205963E-4	9.745292860951498E-4	0.5790132092636616
116	116	0.053603444262832534	3.818749091760862E-4	0.8824817152958673	3.789504952090063E-4	7.203129538562096E-4	8.45476352419979E-5	3.771539149311698E-4	0.061972000532885776
117	117	0.7959913252022849	0.0022573116346048107	0.12565889495851276	0.0022400250480455294	0.06414967257877471	4.99771930870909E-4	0.0022294052312777516	0.006973593415628594
118	118	0.9205342907656286	0.002129756653361316	0.005543277637482513	0.002113446888163574	0.0040172613311712	4.7153108087439336E-4	0.0021034271704285824	0.06308700847288976
119	119	0.27857093768634594	4.3223871588902107E-4	0.04699827707967978	4.2892861379148934E-4	0.6717116940665697	9.569825199383126E-5	4.2689509042133903E-4	0.0013353304953089226
120	120	0.8934370850188242	0.002855987562048603	0.007433493380873303	0.07861021311348615	0.005387117057348292	6.323196126520723E-4	0.002820679924599799	0.00882310433016755
121	121	0.2859765047111683	0.020180510896388042	0.00784938916589406	0.007052807688811991	9.330127924371987E-4	1.0951354522890501E-4	4.885229752772118E-4	0.6774097382247943
122	122	0.9440452345938329	0.0023269956247450913	0.006056646325678012	0.0023091753952856056	0.00438930406736337	0.03138554559800111	0.0022982277411046884	0.0071888706539892
123	123	0.6259404091131856	8.339051312079216E-4	0.3340525639563145	8.275190509645624E-4	0.0015729566249644649	1.8462775418242355E-4	8.235958355966107E-4	0.03576442253358393
124	124	0.04273592339811539	0.11715456290708465	0.41720013747175094	0.0012385823617907818	0.002354309945217654	2.7634007889105E-4	0.0012327103213216376	0.4178074335158279
125	125	0.0960508754994406	5.331193988551638E-4	0.0013875899094470826	5.290367482838105E-4	0.05758526666450116	1.1803337530629838E-4	5.265286185934318E-4	0.8432695497855724
126	126	0.6323159257724763	4.557592734027563E-4	0.0011862388993322094	4.5226904989569E-4	0.09155245395712187	1.0090573609287885E-4	4.5012487099741383E-4	0.2734863224406809
127	127	0.5968651765568059	0.172929920123827	0.07612638176866264	9.190210397653828E-4	0.07546280176559772	2.050427605509527E-4	9.146640192684215E-4	0.07657699196552191
128	128	0.005460613242118947	7.084982580391114E-4	0.0018440616414016346	7.030725488561446E-4	0.09532706993194437	0.009555928746633021	0.6398362442133194	0.24656451141768734
129	129	0.9316333169199049	0.0010708317139765744	0.002787134147098438	0.0010626312400897155	0.0020198602642984976	2.3708362865261645E-4	0.015263440890753955	0.04592570119522524
130	130	0.14080329544956313	0.04786382234722103	8.478899338994071E-4	0.3114814704467666	0.10001223194658043	7.212455935648897E-5	0.01760830323798474	0.3813108620786282
131	131	0.14615907632559563	0.001041248090764907	0.0027101346285261516	0.0010332741694973433	0.0019640580460607462	2.3053377338762068E-4	0.0010283754821543093	0.8458332994840133
132	132	0.2740624082592961	0.0373254913962998	0.13588680932886726	0.34074030410439554	0.00172568282019983	2.0255418265706048E-4	9.03562858454093E-4	0.20915318704983024
133	133	0.015058758356880695	4.39804439147956E-4	0.0011447120536267202	4.36436398426446E-4	0.8585048118704305	9.73733136306862E-5	0.04711057022682938	0.07720753334102765
134	134	0.6964885957784165	0.0013608018725268173	0.1299103704850162	0.0013503807950828138	0.0025668175438069226	3.01283424468124E-4	0.16381777629717653	0.0042039738035060635
135	135	0.508082746712637	0.07381952444275337	0.1389130952124529	0.2566403874902088	0.0012997579162974267	1.5256071353667594E-4	6.805497304609222E-4	0.020411377781652924
136	136	0.2195578890993209	5.079711639186492E-4	0.0013221347091425207	5.040810995783589E-4	0.1087795622971374	0.606607839499485	0.01397936626033266	0.04874115587108449
137	137	0.34070787635407535	4.979052561018079E-4	0.08716485272976306	4.940922769030222E-4	0.1462558049255317	0.3303753035116812	0.007097051148666211	0.08740711379727761
138	138	0.960930486106621	0.0016247872228732523	0.004228955765441915	0.0016123445346161078	0.02461948254117537	3.5973014765943416E-4	0.0016047005113766842	0.005019513170236257
139	139	0.12657737195389646	0.010819411033904724	0.0019739335680318553	7.525879145200412E-4	0.0014305267590306917	0.5032186745302696	7.490199429204288E-4	0.35447847429742624
140	140	0.12234559788031851	0.07979532048593097	0.3299224780707445	4.2406529968256213E-4	0.1482037496321887	9.461319810804056E-5	4.2205483297633894E-4	0.3187921206000504
141	141	0.10369743653844865	8.158539760122117E-4	0.11035615095740235	0.6826754052324859	0.0015389075669952148	1.8063120335252904E-4	8.057678409116996E-4	0.0999298466843914
142	142	0.007928912617939697	0.7827504034714505	0.191561847241051	3.7514946453140555E-4	7.130879161014216E-4	8.369958738525559E-5	3.733709046990815E-4	0.016213528796841577
143	143	0.7541789541145504	0.001102145536855028	0.06135368644786431	0.0010937052604077285	0.17753407446265407	2.4401655252675143E-4	0.0010885200730931406	0.0034048975520485653
144	144	0.2199256381338542	9.998155758903832E-4	0.7718988998398932	9.921589465482087E-4	0.0018859058122851619	2.21360557052649E-4	9.874551838710696E-4	0.0030887659506051027
145	145	0.30174986064524295	0.02447221578327303	0.15042028383812578	3.606784467273119E-4	0.5214346661578342	8.047095897508248E-5	3.58968493073145E-4	0.0011228556767484896
146	146	0.19369539228138602	5.293754131988467E-4	0.022446215568806598	5.253214342256601E-4	0.17656828975689054	1.1720445168231759E-4	5.228309186037342E-4	0.6055953701752063
147	147	0.8660498231396745	0.0017371164046422638	0.004521323365446417	0.00172381349483041	0.026321543149786162	3.8459998450660765E-4	0.001715641004316121	0.09754613945679755
148	148	0.9600698017986405	0.0016605805749571943	0.004322117811849568	0.0016478637797182932	0.0031322762253335403	3.6765484552086423E-4	0.0016400513619892435	0.02715965360199079
149	149	0.07739635575720212	4.001179659623126E-4	0.03288964163854854	3.970538459061813E-4	0.8394246371392139	8.858667335054697E-5	3.951714387901786E-4	0.04900843554102623
150	150	0.6600120394132124	7.361757153137104E-4	0.3144357929845972	7.305380510096236E-4	0.0013886141543023216	1.6299032577618273E-4	7.270746164152734E-4	0.021806774739373282
151	151	0.33569109531392416	0.24447281657650569	0.3279010544160585	0.08249665392738399	0.002878617487059816	3.3788133337631744E-4	0.0015072363325159105	0.004714644613175596
152	152	0.9534292409352142	0.0012481406750902589	0.01980668981919878	0.0012385823617907818	0.018912370264073997	2.7634007889105E-4	0.0012327103213216376	0.0038559255444193365
153	153	0.2348020276658225	0.02488657346706483	0.0023526551608844077	0.5045330689989019	0.22954036296499652	2.0012528750776364E-4	8.927279331259911E-4	0.0027924585216959714
154	154	0.6660372527549642	0.003222240809388406	0.30761458063127173	0.0031975647550003313	0.006077963594032152	7.134085902680494E-4	0.0031824053031759706	0.009954583561899145
155	155	0.22163913695384857	0.019506630754711252	0.0018440616414016346	7.030725488561446E-4	0.574679448597084	1.5686249829694986E-4	0.047695070568146945	0.13377571643765448
156	156	0.09274438178129504	0.0015261030438765363	0.00397210303921967	0.001514416083174288	0.002878617487059816	3.3788133337631744E-4	0.7505929363914557	0.1464335608405426
157	157	0.23296011167316294	6.366870885430008E-4	0.677369654429179	0.051310248895790764	0.0012009533656453133	1.4096340563868142E-4	6.288159349044724E-4	0.03575256520713588
158	158	0.9820993645500299	0.0016605805749571943	0.004322117811849568	0.0016478637797182932	0.0031322762253335403	3.6765484552086423E-4	0.0016400513619892435	0.005130090850601402
159	159	0.009170726154275619	0.017839296714554864	0.018540115384724005	0.7951272218964982	0.006625451745047368	9.680848208609667E-5	4.3184765502676873E-4	0.1521685319677871
160	160	0.0065493631908726015	0.7542677989400024	8.12765136936756E-4	3.0987730757915644E-4	5.89017936583624E-4	6.913671812600455E-5	3.0840819890563765E-4	0.23709363257099375
161	161	0.08937120518657285	6.366870885430008E-4	0.542227154206506	6.318113122883844E-4	0.10255782853265008	1.4096340563868142E-4	6.288159349044724E-4	0.2638055343328966
162	162	0.2381531386147001	3.938463130541266E-4	0.0010250933862853365	0.01606533984551329	0.4657533462352787	8.719812068656135E-5	3.889773202697573E-4	0.27813306016421213
163	163	0.8724083024955399	0.0014117743941103288	0.0036745312736508875	0.02012981784753687	0.002662964650372618	3.1256881153769023E-4	0.0013943210903462895	0.09800571943690538
164	164	0.7941829023109451	0.001313381842394432	0.19507761369081542	0.00130332390951716	0.0024773713373245298	2.9078456393956083E-4	0.0012971449334739178	0.0040574774115898415
165	165	0.5985999128263598	0.001913502287225341	0.004980416152853482	0.0018988486069747208	0.0036093507365951133	4.2365206387638725E-4	0.0018898462860884359	0.3866844710400267
166	166	0.42981999495791456	7.434362928800985E-4	0.021660118585744934	7.377430267704623E-4	0.21837864150564307	0.010027158375922279	7.342454338427207E-4	0.31789866182128185
167	167	0.10435142031458763	0.1667119009954682	0.1164369112081404	3.456775094988245E-4	0.48126289531895633	7.712410025575888E-5	0.12511670555755186	0.005697364995541039
168	168	0.009164560713150215	0.001189074379206724	0.0030948932147516106	0.9791974888762282	0.0022428959270696445	2.632627189507711E-4	0.0011743742426800169	0.0036734499279628165
169	169	0.8606040793298142	0.015276679231994715	0.002787134147098438	0.0010626312400897155	0.0020198602642984976	2.3708362865261645E-4	0.0010575933727358143	0.11695493878531595
170	170	0.8481806519060632	8.931920191746859E-4	0.0023247779684381193	0.14307731764731932	0.0016847867357418934	1.977539535162893E-4	8.821497792138916E-4	0.0027593699905325976
171	171	0.1379751134224756	0.02367319215315419	0.5233189041504434	3.4890221018371863E-4	0.07529230859882483	7.784356314264777E-5	3.472480869205628E-4	0.2389664878148552
172	172	0.5462585809742967	0.32712620680183635	0.10478412709777403	0.009234209343487761	0.001221589447162205	1.4338559155603001E-4	6.396209313872764E-4	0.010592279812499604
173	173	0.16468634392440365	9.867278792132863E-4	0.21201000372418713	9.791714759976252E-4	0.08040188395099224	2.1846292283205963E-4	0.06642508333173303	0.47429232279064104
174	174	0.9828547684582999	0.0015905043444331016	0.004139725142259737	0.0015783241958876087	0.003000094677420837	3.521398707604953E-4	0.0015708414609177021	0.004913601850020656
175	175	0.4508498925419993	0.001189074379206724	0.5078781295905791	0.0011799683980623973	0.03379184820055886	2.632627189507711E-4	0.0011743742426800169	0.0036734499279628165
176	176	0.3135586389752442	9.615541777420406E-4	0.0025027092941782535	0.44741950792174096	0.001813735109113373	2.1288943036492188E-4	9.496667988380701E-4	0.23258129829277815
177	177	0.03608117781001017	4.1328020679027596E-4	0.0010756754414636997	0.3458170713638763	0.08850195285478124	9.150081174966562E-5	4.0817095915207863E-4	0.5276111705521765
178	178	0.2888996198571734	0.001313381842394432	0.6655137732167408	0.00130332390951716	0.0024773713373245298	2.9078456393956083E-4	0.0012971449334739178	0.038904600339436164
179	179	0.42637354621563134	0.5537041666558584	0.015984711813816506	5.444388325435838E-4	0.0010348748678826762	1.2146973392945735E-4	5.418576825479976E-4	0.0016949341977899551
180	180	0.09269485904262344	0.6999995931239605	7.712312737945138E-4	2.940419806206372E-4	5.589179861125768E-4	6.56036987354685E-5	2.9264794622849935E-4	0.20532310494792433
181	181	0.8058628625389148	0.08977883158051474	0.07041080606601773	0.0016478637797182932	0.025161838976722927	3.6765484552086423E-4	0.0016400513619892435	0.005130090850601402
182	182	0.4474271113101267	0.4272095517524265	0.018433190325127663	4.3140234260280084E-4	0.006587241258866921	9.625016556531513E-5	4.2935709144115456E-4	0.09938589575384299
183	183	0.33595765360859675	0.01794338054378701	0.0011447120536267202	4.36436398426446E-4	0.006664108111329718	9.73733136306862E-5	4.343672811252257E-4	0.6373219686894774
184	184	0.9572441218998462	0.001778092367093128	0.004627974581194334	0.0017644756616533698	0.00335393327603896	3.936721195009181E-4	0.001756110394383563	0.029081619700289496
185	185	0.9190582307417079	0.003366132295541949	0.008761285402835068	0.003340354314156997	0.006349379439733149	7.452663651398964E-4	0.047980238774088475	0.010399112666796545
186	186	0.1345501385139462	4.699668048438287E-4	0.0012232179087400816	4.663677794689632E-4	8.864766164967565E-4	1.040513032854464E-4	4.641567593874346E-4	0.8618356243138312
187	187	0.41310106646090605	0.16141778602123316	0.07705239241098089	8.00937373502252E-4	0.0015224299022040962	1.7869711680731123E-4	7.971401801822574E-4	0.34512955053418404
188	188	0.8445567817467863	0.0020158462702114057	0.005246794525857816	0.002000408835474436	0.003802397451429444	4.4631116384550586E-4	0.13570383416096027	0.006227625845434855
189	189	0.02191625110969904	4.613379425824899E-4	0.0012007589206980889	0.09226069588674325	0.521086582099587	1.0214086119696473E-4	4.556345729199149E-4	0.3625165986065733
190	190	0.027530959501418078	4.5302022924723946E-4	0.90866622330948	4.4955098145445124E-4	0.060952995415343866	1.0029930791284471E-4	4.47419688746369E-4	0.0013995315663972048
191	191	0.8287780362850217	5.917069155610219E-4	0.072187300302049	0.08693377814123329	0.0011161093486987254	1.3100473287170803E-4	5.843918370473071E-4	0.009677672437517238
192	192	0.034133628741870245	0.8634882713797897	0.03658087630438987	2.975509248681627E-4	5.655878230116098E-4	6.638657919630723E-5	2.9614025479376337E-4	0.06457155799208027
193	193	0.9793729329411265	0.001913502287225341	0.004980416152853482	0.0018988486069747208	0.0036093507365951133	4.2365206387638725E-4	0.0018898462860884359	0.005911450925260054
194	194	0.09462078895247024	0.06597880212950978	0.017943725849978866	0.049633354974371754	0.15639864635510198	1.3635651553105187E-4	6.082653111670143E-4	0.6146800599118694
195	195	0.900458636165458	0.0012908899421443202	0.0033598962291987826	0.0012810042531763942	0.0024349459076414117	2.858048259872855E-4	0.0012749310932091218	0.08961389158318468
196	196	0.19545205266450064	0.24355091788346428	0.2087008253879437	3.789504952090063E-4	0.19829516037046535	8.45476352419979E-5	0.12196167540207525	0.03157587016109976
197	197	0.08319123208135588	0.05689469185176883	0.15843661517605065	0.4611066198024126	0.05312258654113557	6.74599552791623E-5	3.009284193673029E-4	0.18687986617263003
198	198	0.4071350241499425	8.625309905452967E-4	0.26542229902772996	0.2754757428977223	0.047396921791807614	1.9096555919550216E-4	8.518678028244489E-4	0.0026646477802323163
199	199	0.24012449334547195	0.0014387199716735734	0.0037446645526335565	0.020514021988373838	0.7089076232304814	3.185345998323899E-4	0.020507253342766783	0.00444468896876646
200	200	0.04341776265741451	0.08036903150737737	0.040486805686050835	0.09735375990250636	0.01475499464647799	0.5352644799065662	0.18778721055502928	5.659551385774169E-4
201	201	0.7305398706227365	0.0012081320290693149	0.0031444959917353286	0.001198880103648214	0.0022788434893111593	2.674821090977395E-4	0.0011931962890683783	0.26016909936533333
202	202	0.3731698336659939	0.0020712364812963606	0.00539096278938129	0.0020553748660148093	0.003906877441087328	4.5857463350600824E-4	0.6065483953208282	0.006398744801892076
203	203	0.5296138749800366	7.739695802716415E-4	0.11495829614441298	7.680424889748483E-4	0.0014599029712717999	1.7135793996623957E-4	0.10344060795200914	0.2488139479430567
204	204	0.027231141258677292	2.707664875299348E-4	0.03303307977822455	0.751004484003815	5.107342843203784E-4	5.9948076381425405E-5	2.6741909025761076E-4	0.18762242702079399
205	205	0.9633034386065494	0.0015261030438765363	0.0242176625002721	0.001514416083174288	0.002878617487059816	3.3788133337631744E-4	0.0015072363325159105	0.004714644613175596
206	206	0.32176767363393455	9.867278792132863E-4	0.002568230778145907	9.791714759976252E-4	0.1589425488057577	2.1846292283205963E-4	9.745292860951498E-4	0.5135626552180238
207	207	0.9457208506884236	0.0022573116346048107	0.03582117966682953	0.0022400250480455294	0.004257862384319231	4.99771930870909E-4	0.0022294052312777516	0.006973593415628594
208	208	0.11099551911664876	0.05729639745069822	0.0012386632084906619	0.12042663795880401	0.600669577245974	1.0536513588812435E-4	4.700175632791803E-4	0.10879782232021704
209	209	0.34430246042823914	0.001055832715416828	0.26887858875670545	0.07108208753341826	0.030005304519597674	2.3376282954077967E-4	0.0010427798018755017	0.28339918341520637
210	210	0.6780711732067564	8.725147337406684E-4	0.0022709596442791915	0.07031546415669881	0.04794553824803646	1.9317597380444633E-4	8.617281202774229E-4	0.19946944591640658
211	211	0.4138227067208736	5.149109665683021E-4	0.11063463214073602	0.46501231517196984	0.007802154874944479	1.1400200310999539E-4	5.08545291182459E-4	0.0015907328306152585
212	212	0.027156506767570077	0.0035234756402166803	0.2896292118504806	0.0034964927169417606	0.10013230127117999	7.801024001703649E-4	0.0034799160665975205	0.571801993286843
213	213	0.2632079623749626	0.0010132551228862815	0.00263727522808552	0.4042662764603435	0.0019112562073032358	2.243360914224731E-4	0.2967253012329233	0.030014337282073103
214	214	0.006495546125777795	3.0970271721421534E-4	0.013131803592518212	3.0733100090057247E-4	0.8592758000390449	6.856861170841973E-5	3.0587396410561806E-4	0.12010537394873033
215	215	0.4855827817327075	9.739783941087072E-4	0.041297968225268045	0.09141333643650475	0.3636244375710867	2.1564016912333615E-4	9.619374186930121E-4	0.015929920052507925
216	216	0.4103730731068043	0.013544924981609112	0.5692678783652525	9.421720657710041E-4	0.0017908902411171454	2.1020798536777665E-4	9.377052877271885E-4	0.0029331479663509195
217	217	0.1469507231881514	0.600672184355911	0.0033598962291987826	0.12115726313592971	0.0024349459076414117	2.858048259872855E-4	0.0012749310932091218	0.12386425126397135
218	218	0.3479478952521897	9.867278792132863E-4	0.002568230778145907	9.791714759976252E-4	0.0018612190962267712	2.1846292283205963E-4	0.31513718870515695	0.33030110389023765
219	219	0.11689414375461128	0.6291971839403517	0.027248777863764465	3.2895560754210655E-4	0.2073154039645792	7.339327714017152E-5	0.004725058215846438	0.014217083376164504
220	220	0.1269357330188104	0.06429905678581273	0.12349678361752854	0.044274512466314274	0.04337452966822294	0.0340024720887905	0.5607143828998508	0.0029025294546697984
221	221	0.32543235701563633	3.1619833592219513E-4	0.01340722639104044	0.0045085212852434275	0.6549765581348366	7.000675071152489E-5	3.122892796101124E-4	9.768428069993871E-4
222	222	0.630202492011384	0.0011706086411317246	0.0030468310510442208	0.20304522610191772	0.0643260901007832	2.591743788956264E-4	0.09433317465071658	0.0036164030641268963
223	223	0.055897567369375366	0.6807473329582435	0.018876736963984286	0.007197002135605328	0.013680134826972817	0.001605722961415931	0.0071628816046656755	0.21483262117973698
224	224	0.991985946204708	7.434362928800985E-4	0.00193499748936622	7.377430267704623E-4	0.0014023094454772012	1.6459782773291945E-4	7.342454338427207E-4	0.002296724279222362
225	225	0.26192553550550873	9.148731349375292E-4	0.6820460832493014	9.07866998347697E-4	0.00172568282019983	2.0255418265706048E-4	0.04945105387360379	0.002826350235444025
226	226	0.5648843395405136	0.010929371608805988	0.001993995184073385	7.602366672557529E-4	0.0014450655859910247	0.4168636080270056	7.566324334042402E-4	0.0023667509529502317
227	227	0.7444212890286943	0.0019633414508080536	0.005110136288026134	0.027994349481165262	0.029749403423457044	4.346865239105615E-4	0.18426137297143463	0.006065420832504026
228	228	0.9515271090563686	0.0020158462702114057	0.005246794525857816	0.002000408835474436	0.030544979278825046	4.4631116384550586E-4	0.001990925023982275	0.006227625845434855
229	229	0.048787489701447924	6.589501305853408E-4	0.15032487982883946	6.539038630270701E-4	0.7093248439637574	1.4589247406591625E-4	6.508037462604523E-4	0.08945323629201642
230	230	0.9713817603413066	0.0026548159700540224	0.006909888965579982	0.0026344852787299885	0.005007656401045381	5.877799427960281E-4	0.0026219953510115764	0.008201617749476387
231	231	0.9422628694227164	0.00240111899788015	0.0381032524291049	0.0023827311285404976	0.004529119552931396	5.316110808206912E-4	0.0023714347512905827	0.007417862636715289
