0	0	0.0025933469876574	1.6445987920931263E-4	0.0012171578677416255	5.572640032383158E-4	0.5553894080327242	0.0011223366211201811	9.754137454242981E-4	0.004555046936073423	0.0020237931570564914	0.43068536330968693	7.164094600679031E-4
1	1	0.02930283932107556	4.4155764165401286E-5	3.2679420669925064E-4	1.4961957909224305E-4	0.001996856061282311	3.0133568986331726E-4	2.6188842843444823E-4	0.0380028360833319	5.433673780631062E-4	0.9288779590117762	1.9234847621625597E-4
2	2	0.002853988453084515	1.8098873713888805E-4	0.0013394869705628748	6.132712044054136E-4	0.66146015105905	0.051487081792830916	0.017824095280835537	0.18926998211626603	0.002227192245835218	0.07195535074095868	7.884113990319668E-4
3	3	0.0034282410698324244	2.174055824108364E-4	0.0016090058948998412	7.366678472773677E-4	0.9756424234940158	0.0014836581903668723	0.0012894354199640978	0.006021484612580589	0.002675326846306096	0.00594930294368815	9.47048098657948E-4
4	4	0.004085950121662794	2.5911490697623225E-4	0.0019176941463872953	8.779977892147358E-4	0.059680526188939646	0.0017682984480819626	0.001536813982377311	0.007176708196476667	0.0031885890841645104	0.9183795675823709	0.0011287395533480116
5	5	0.002192825854784675	1.3906040222203672E-4	0.0010291778363794558	4.7119915694182553E-4	0.019158876964299465	9.490009521584054E-4	0.01369491769587207	0.15829334042750778	0.0017112349333316618	0.8017545998708503	6.057659056524073E-4
6	6	0.01996685494300009	9.94016629046574E-5	0.02833476992720381	3.36817519659581E-4	0.49207941337500527	6.783546662840012E-4	0.0097892539541093	0.011952830222375699	0.0012232065726525867	0.26951146558848016	0.16602763156832487
7	7	0.6818593655291754	3.755616991243758E-5	0.0558915956556797	1.2725718693412644E-4	0.01907766657485316	2.5629755442112593E-4	2.2274614656294674E-4	0.03927457431910661	0.056075799439171	0.10530330817979872	0.041873833244384866
8	8	0.04383583107368708	4.0468954679505256E-4	0.002995083471072492	0.03882560302193853	0.24302727227250526	0.0027617550294716346	0.03985455203048269	0.16102602210773279	0.3046146495230281	0.16089165956493573	0.0017628823583506008
9	9	0.0014353997330210071	9.10274127732345E-5	6.736885139997907E-4	3.084417955936748E-4	0.18103435025231665	6.21205605722219E-4	5.398848038579644E-4	0.01094584515657641	0.017969471573062258	0.010915622792936655	0.7754650623601401
10	10	0.07809384819491007	0.04722225672900685	2.695197015526741E-4	1.2339699871267802E-4	0.1162410660118302	2.485230874177448E-4	2.159894197167027E-4	0.07178740030813534	0.6812723955571389	0.0043669668344898755	1.5863715708897794E-4
11	11	0.017833980153695632	8.878350088417304E-5	0.06639293898565736	3.008384133692421E-4	0.3244773616014038	6.058922995239614E-4	0.25525302406589423	0.15858169915766573	0.0010925427065419729	0.17498618618670336	3.867529286605904E-4
12	12	0.2246327200169208	4.56481483484518E-5	0.5368838452790102	1.546764476015395E-4	0.06966069336485683	3.1152028582356574E-4	2.707397790045687E-4	0.15758087016242228	5.617322030397377E-4	0.009698704809563294	1.9884950340862278E-4
13	13	0.021012531222493525	1.9398632418200329E-4	0.001435681345794354	6.573128723362673E-4	0.13444774153666025	0.0013238362856198987	0.0011505354858654512	0.005372841180801162	0.002387136591182963	0.8311733665102896	8.450306447745265E-4
14	14	0.004402697147396138	2.7920175915603656E-4	0.002066355754837676	9.460610743879392E-4	0.9170382539934411	0.001905378749446707	0.0016559493715840037	0.05941373470015814	0.0034357717659452424	0.007640355087529362	0.0012162405961177337
15	15	0.07840463804421366	1.372934155635097E-4	0.0010161004723198397	0.013171824408141672	0.06974188292230443	9.36942364705768E-4	8.142890858289919E-4	0.05462906750337178	0.0016894909339724878	0.4866083124607276	0.2928501583888503
16	16	0.2062671001439598	1.572781394410154E-4	0.044832649328153715	5.329290403723665E-4	0.5456925205600602	0.001073325703782363	9.3281875070743E-4	0.018912348581459255	0.17660998922769208	0.004303915693323932	6.851248310478019E-4
17	17	0.21360131946995115	6.0464067452149344E-5	0.10117542906575697	0.20725675213760456	0.09227031138753844	4.1262973978631833E-4	0.0619145753463215	0.28707049841351995	7.440523886176665E-4	0.03523057833410231	2.6338964934890174E-4
18	18	0.2679537767010254	5.54952479837222E-5	4.107170577432553E-4	1.8804284790184214E-4	0.10009610198828364	0.23664062912714826	3.291430587770218E-4	0.2018460618218767	0.1907196600970164	0.0015186272520194765	2.417448002242089E-4
19	19	0.2872396489332281	4.128740214384062E-5	0.06144446549467662	1.399002790990984E-4	0.10886021489534355	2.81760899009126E-4	0.0537414135177635	0.09667306863518295	0.3902685568358198	0.00112982960413322	1.7985350360028926E-4
20	20	0.31778930789069726	8.142385853340562E-5	0.1965344936531255	2.759006365782771E-4	0.056433121938770765	0.00809150886429274	0.00801876755192222	0.10022113767132607	0.3024356394639333	0.009764005138872085	3.546933319482781E-4
21	21	0.004186344037651843	2.6548149477782193E-4	0.001964812887265793	8.995706507682008E-4	0.5525572920692399	0.22294641942316346	0.0015745742998661588	0.08106460129783495	0.003266934373536016	0.13011749619566004	0.0011564732702359266
22	22	0.0019651947220780904	1.2462492992798E-4	0.04705887927261016	4.2228528738350263E-4	0.49006955694418053	0.32380625041946853	7.39152127915513E-4	0.0034517379433577104	0.116874940198787	0.014944495116859881	5.428830374311058E-4
23	23	0.002409939841753956	1.5282891844511042E-4	0.0011310778130097037	5.178530795034278E-4	0.9121552535869136	0.0010429625314197861	0.015050865855494125	0.032521775086436014	0.0018806660982397532	0.03247103376569316	6.657434230915046E-4
24	24	0.003114868819103222	1.975327452055733E-4	0.05630735668735623	6.69329741047741E-4	0.465978260466837	0.019629847904631396	0.0011715693564367	0.023752875935955677	0.14868525373745317	0.27963262527193256	8.604793340407738E-4
25	25	0.002717432197128539	1.723288757833961E-4	0.0012753958473475063	5.839277011166371E-4	0.9647435329745064	0.0011760376396848537	0.0010220848694574665	0.02072216635477728	0.0021206266309474857	0.00471577903663584	7.506878726145913E-4
26	26	0.002192825854784675	1.3906040222203672E-4	0.0010291778363794558	4.7119915694182553E-4	0.405263334619733	9.490009521584054E-4	8.247691073576165E-4	0.0038515573653343533	0.0017112349333316618	0.5829620738661045	6.057659056524073E-4
27	27	0.0034282410698324244	0.0404595177134023	0.0016090058948998412	7.366678472773677E-4	0.47261602185662255	0.0014836581903668723	0.0616526036164513	0.04626359674357206	0.0630384950427933	0.30776514392612414	9.47048098657948E-4
28	28	0.012145443333667539	6.0464067452149344E-5	0.039619466913003644	0.011396872560662144	0.13703828386226813	0.5879922684706136	3.586131935681779E-4	0.1583625775486721	0.034320031744664935	0.018442588656078677	2.6338964934890174E-4
29	29	0.0063814981633402495	4.0468954679505256E-4	0.002995083471072492	0.0013712701115916942	0.767387933017361	0.0027617550294716346	0.0024002191201358465	0.011208690466345445	0.19225165079198764	0.011074327923548405	0.0017628823583506008
30	30	0.0077663379936837055	7.16983281927019E-5	0.01380210738922724	0.23912944739420755	0.16913581702540406	0.06684665804980276	4.25243744427752E-4	0.3205011642890321	8.822977778313003E-4	0.08822659436825017	0.0932126336399406
31	31	0.039127538566045034	6.851576062752742E-5	0.013189455178007611	0.6977627362688499	0.15528697703549138	4.675775492836668E-4	4.063678935896168E-4	0.0018976817143465737	8.431340712103526E-4	0.09065155204956662	2.984639129816966E-4
32	32	0.0023118407928526875	1.4660786209991827E-4	0.0010850361418579361	4.967733439474953E-4	0.44082754735365515	0.0010005076822989566	8.695331929407901E-4	0.004060599437827464	0.015372783556195336	0.5331901269754284	6.38643660895773E-4
33	33	0.0010602466765584487	6.723667954529535E-5	4.976147003319978E-4	2.2782809636005978E-4	0.1150511718155219	0.2431483249733851	3.987816465662108E-4	0.020530676251055195	8.273940891917163E-4	0.6178978330085603	2.928920629237339E-4
34	34	0.12145945593034328	4.830093378486188E-5	0.2641045269207689	1.6366527721234513E-4	0.09159009426735881	0.013740491081182051	2.8647348494413415E-4	0.47518843184367004	5.943765722266623E-4	0.03261377829322367	2.1040539528518036E-4
35	35	0.003004995315319723	1.9056499918217637E-4	0.05432117783767735	6.457198851898015E-4	0.3966305824795921	0.001300487865576536	0.0011302435614858424	0.0052780807077137505	0.0023450348083286564	0.5343229856492401	8.301268906940357E-4
36	36	0.002221415806288482	1.4087346464418624E-4	0.014080545132962419	4.7734262748519186E-4	0.5278886776357293	9.613739781057577E-4	0.13121501168999603	0.1342812630586977	0.07996123949808046	0.10815859325741754	6.136638505929383E-4
37	37	0.0011939856377276865	7.571787913183425E-5	5.603835583311242E-4	2.5656621325872633E-4	0.4939665997207731	0.0075244762556827645	4.4908375486259373E-4	0.002097158863326644	0.056993750881466215	0.3945059476199058	0.04237632961553339
38	38	0.003360621809978911	2.1311743456149006E-4	0.0015772695655411869	7.221376746389507E-4	0.5816391640204533	0.0014543942422766889	0.0012640023576587277	0.0453510850192683	0.14069185068910245	0.005831957793944586	0.2178943993925755
39	39	0.0014000157708896725	8.878350088417304E-5	6.570814544335237E-4	0.09068764251880201	0.21765659311316507	0.32106819776424017	5.265761324018344E-4	0.29827039641151637	0.0010925427065419729	0.06816541769846461	3.867529286605904E-4
40	40	0.2523082790141725	5.03256662629954E-5	3.7245728828113825E-4	1.705259810610649E-4	0.03022195530883363	0.060893276619110155	0.4008589302885742	0.22496249267570909	0.014592331199895522	0.015350200554503505	2.1922540359611584E-4
41	41	0.002444516142647878	1.5502161163101375E-4	0.0011473058059742914	5.252829097363365E-4	0.9682843962518655	0.0010579263017524146	9.194352540552984E-4	0.018641006100691207	0.0019076487123976277	0.004242165818303759	6.752950909448434E-4
42	42	0.011858059658102828	1.0947283697757652E-4	8.102020107996558E-4	3.709431848866721E-4	0.12653224638222546	7.470841797316383E-4	6.492848617663034E-4	0.0030320702718218866	0.0013471393717662098	0.0029957237714983626	0.8515477734704234
43	43	0.001219626138243567	7.734389895786497E-5	5.724176351763241E-4	2.62075899401968E-4	0.8266951066978223	5.278241151457408E-4	4.5872770022038035E-4	0.0021421947508766365	9.51770451270843E-4	0.16675599223624069	3.369204766436E-4
44	44	0.3280366706856111	7.846727381892434E-5	5.807316662770119E-4	0.31980300525243743	0.1270060501535445	5.354904514696784E-4	4.6539045156137357E-4	0.002173308875753366	0.022752216372753153	0.05298270801559806	0.14558596080117536
45	45	0.0025933469876574	1.6445987920931263E-4	0.0012171578677416255	5.572640032383158E-4	0.6467147478901508	0.06200589652607129	9.754137454242981E-4	0.0197759369123112	0.0020237931570564914	0.2632555735710714	7.164094600679031E-4
46	46	0.041519483449549414	6.256473986631728E-5	4.6303795027464735E-4	2.1199746447031053E-4	0.04915268856951294	4.269655254547302E-4	3.7107230978098506E-4	0.23334947336108286	7.6990262320041E-4	0.059616238152976696	0.6140565758538306
47	47	0.5203374702064069	7.790153670743799E-5	5.765446792767195E-4	0.014683661280925858	0.061201724502472035	5.316296467481829E-4	4.6203505717890475E-4	0.2833417088050657	0.10189650355049294	0.01655147111268151	3.3934962204371696E-4
48	48	0.0020854648830982607	1.3225199111493243E-4	9.78789187271399E-4	4.4812919940884986E-4	0.9239826942419307	9.025377712666134E-4	7.843883299285101E-4	0.003662984734112406	0.0628275768764776	0.003619075238656194	5.761075467346494E-4
49	49	9.274988141220168E-4	5.881833154732426E-5	4.3531100323347E-4	1.9930294889821616E-4	0.029878353420096895	0.463114404220785	0.09289145343334282	0.13772115239586952	0.08237903674772526	0.10503952938049764	0.0873551393038818
50	50	0.003295618423685511	2.0899517513809306E-4	0.0015467609666404553	7.081696065623265E-4	0.879871372850432	0.02076892869834331	0.0012395531818286231	0.04447387411455456	0.0025718309373435632	0.005719152180352212	0.03959574386511927
51	51	0.1380701230235777	3.808569093295167E-5	0.6100827146775107	0.003653911816328394	0.0017223491479551915	2.599112067953899E-4	2.2588674282498814E-4	0.23369564445928415	0.007518391654885565	0.004567075163040426	1.659064168645207E-4
52	52	0.002674771802285667	1.6962352111382376E-4	0.12684568614313388	5.747607433115266E-4	0.8397067043471198	0.0011575752728548553	0.0010060393746922044	0.004698064378073293	0.0020873353607968916	0.020340536074564243	7.389029820538133E-4
53	53	0.0010040164693575363	6.367078067862262E-5	4.7122369310270446E-4	0.0061085255952436105	0.23859059831719517	4.3451356765245E-4	3.7763225264674503E-4	0.17854690127426073	7.835132243885568E-4	0.17852576169192755	0.3950936431335462
54	54	0.020493843336128408	6.984445080569528E-5	5.169146616485602E-4	2.366643977065465E-4	0.21647580099789557	4.7664503523981626E-4	0.0068784067212039526	0.06657606594342319	0.6343470026687639	0.053624559920218196	3.0425186696606785E-4
55	55	0.0025933469876574	1.6445987920931263E-4	0.0012171578677416255	5.572640032383158E-4	0.5097267381040108	0.0011223366211201811	0.09230075360285096	0.3850772963420178	0.0020237931570564914	0.004500443975029193	7.164094600679031E-4
56	56	0.15828756036159405	7.0759248783189E-5	5.236850275338682E-4	2.3976414449915874E-4	0.6056917179018807	0.059422300490236266	4.196740518772789E-4	0.10019217383924733	0.02051721259494441	0.05432691548881559	3.082368505880817E-4
57	57	0.002035632498426525	1.290918170222135E-4	9.55400925168332E-4	4.3742110893532323E-4	0.42400210816985434	8.809715441088054E-4	0.024660741815570236	0.02747055388083261	0.3002772710678145	0.21858846577096783	5.623414012992394E-4
58	58	0.31666107911086694	5.881833154732426E-5	4.3531100323347E-4	1.9930294889821616E-4	0.32383720404120425	4.013986134863486E-4	0.005792534730792494	0.07784064578786618	7.238004640843388E-4	0.17036371840741038	0.10368618656061
59	59	0.004291795686036319	2.7216882410099885E-4	0.002014305417231261	9.222303287852545E-4	0.3649604049675399	0.0018573833319371113	0.0016142369396137163	0.3350009405275018	0.003349226610331374	0.2845317031863833	0.001185604180539077
60	60	0.010814098818492964	5.383619044872863E-5	0.3691094604353069	1.8242121514862496E-4	0.10706884290147939	3.673985921229304E-4	3.193031663250587E-4	0.4897840765449167	6.62491753952094E-4	0.02140355266042119	2.345177213854022E-4
61	61	0.0011231489285612407	7.122569328530305E-5	5.27137155787534E-4	2.4134466816113804E-4	0.23394080899513012	0.5410295312864519	4.2244054046420394E-4	0.015156725578948906	8.764816766887085E-4	0.206300886730643	3.102687458777886E-4
62	62	0.1975805020459086	7.0759248783189E-5	5.236850275338682E-4	2.3976414449915874E-4	0.09488347600579132	4.82887963764415E-4	4.196740518772789E-4	0.16568040997977163	0.007419565366839553	0.473451626788171	0.05924764937705994
63	63	0.002111307337341844	1.3389081805309353E-4	9.909180487982336E-4	4.536822818053905E-4	0.8362988138117852	9.137217481564147E-4	7.94108234439807E-4	0.15240876988371926	0.0016476196058959694	0.0036639217316453785	5.832464983595527E-4
64	64	0.12233874289772351	6.895300452599033E-5	0.14728836603254325	2.3364377696373278E-4	0.32858263095467727	0.045142141571287625	4.0896119300534115E-4	0.0019097920630199749	8.485146613818173E-4	0.2571530707303921	0.09602518311447926
65	65	0.0392401066499763	4.623413433553257E-5	3.421761017657985E-4	1.5666203155412516E-4	0.25027314551424296	3.1551927655568807E-4	2.742152697392854E-4	0.018396567928688518	5.689431680269836E-4	0.6901850277875522	2.01402137562498E-4
66	66	0.05750142651768234	8.664755659574557E-5	6.41273456712642E-4	2.936008739122892E-4	0.10015004892799494	5.91315805201455E-4	5.139078182305644E-4	0.0023998782504721073	0.0010662584270231257	0.8363781938995007	3.7744846667409033E-4
67	67	8.364332721573413E-4	5.304331258421602E-5	0.024938569996884787	0.04436253381170205	0.4393175699692897	0.16236558484442556	3.146005970953686E-4	0.05056114030144847	6.527348405681316E-4	0.27145752530190337	0.00514026375194092
68	68	0.26450870586019215	0.3755525819996382	3.574723626100226E-4	0.004633954337520122	0.09159009426735881	3.2962390025871927E-4	2.8647348494413415E-4	0.16226819762212563	0.09894073589899777	0.0013217548710692266	2.1040539528518036E-4
69	69	0.005055932191129361	3.2062735970195483E-4	0.002372944181588333	0.0010864296317999805	0.637660282417985	0.0021880827667919147	0.0019016451630391206	0.008880419221109341	0.003945542582480281	0.33519139837374035	0.0013966961106345497
70	70	0.0063814981633402495	4.0468954679505256E-4	0.002995083471072492	0.0013712701115916942	0.5052076026449331	0.0027617550294716346	0.0024002191201358465	0.011208690466345445	0.004979986240253443	0.04852866083389524	0.4137605443721658
71	71	0.16857680758681348	5.3304997473210654E-5	3.945071428751962E-4	1.8062129455125866E-4	0.04187796425906601	0.7009092792094451	3.1615265367550467E-4	0.02614348432399399	0.015456212217316134	0.045859462541795015	2.3220377299499657E-4
72	72	0.0034282410698324244	2.174055824108364E-4	0.0016090058948998412	7.366678472773677E-4	0.7543108067735628	0.0014836581903668723	0.0012894354199640978	0.006021484612580589	0.002675326846306096	0.2272809196641412	9.47048098657948E-4
73	73	0.0018379965283995383	1.1655852012336151E-4	8.62642733915109E-4	3.9495266473356486E-4	0.5446502190771579	7.95439570228108E-4	6.91310143369019E-4	0.06795381370359803	0.0014343336293106857	0.3807549887629922	5.077446661724339E-4
74	74	0.0994551847954314	5.914027240848384E-5	0.03327856344745532	2.0039382926343544E-4	0.13403797957223895	0.37807359811735997	0.016771196636887583	0.22057714058170838	0.09377689321041353	0.023512286517600928	2.576230192319846E-4
75	75	0.002137798291458001	1.3557077030584554E-4	0.038644892582475526	4.59374715255535E-4	0.26962170589936146	0.05111390812129474	0.07608715466598726	0.0037549049948942645	0.5537442317428413	0.0037098936187134218	5.905645974127701E-4
76	76	0.40200905434461587	7.46713233904863E-5	5.526380610053564E-4	2.53020011930843E-4	0.0033768611535682403	5.095854453473608E-4	4.428766187490845E-4	0.09190973157514681	0.09076044172752505	0.26465716884613083	0.14545395089259
77	77	0.05310593442629867	1.8098873713888805E-4	0.0013394869705628748	6.132712044054136E-4	0.4939536644816695	0.40325070360533	0.0010734466230974827	0.021763495538885506	0.002227192245835218	0.02170340476774453	7.884113990319668E-4
78	78	0.28554703892409355	6.149646954815873E-5	4.551317446464244E-4	2.0837768439446578E-4	0.38980619484883333	0.028877406132574127	3.6473638422169135E-4	0.0017032683384022031	0.18288623450465316	0.09843913568057469	0.011650979288058111
79	79	0.002480099043637274	1.572781394410154E-4	0.0011640062352274692	5.329290403723665E-4	0.9823789514893229	0.001073325703782363	9.3281875070743E-4	0.004356134217150505	0.0019354168559870852	0.004303915693323932	6.851248310478019E-4
80	80	0.28842203825525753	3.534480952535401E-5	2.615848509949394E-4	1.1976410383183117E-4	0.0277679155840905	0.44185181103555593	2.0963053850085614E-4	0.13836891143562716	0.01679089077538968	0.07620457285211625	0.009967535759110059
81	81	6.225110787667283E-4	3.9477207372436634E-5	0.7127531979482535	1.3376652544560226E-4	0.020053509218688037	0.09161056506665016	2.3413984545757633E-4	0.04493715627080334	0.04067590383829022	0.08876780494973839	1.7196805053395966E-4
82	82	0.008954767478222287	8.266983204504903E-5	6.118345518814682E-4	2.801225549596205E-4	0.7612031579493936	5.641703034934449E-4	0.01579263063319265	0.10940591044109262	0.008668467137113164	0.09407614815765163	3.6012096095437327E-4
83	83	0.1034175612336437	6.149646954815873E-5	0.02322131645595266	2.0837768439446578E-4	0.03693033182358668	0.17685760675606466	3.6473638422169135E-4	0.19521583838450518	7.567568142032852E-4	0.46269809106147447	2.678869324049942E-4
84	84	0.34529473446960474	4.9632154241740035E-5	0.01414780829954611	1.6817605056666882E-4	0.11248838406476853	3.387086537969189E-4	0.0048878635222424595	0.47909809557585675	0.04195220912401359	0.0013581837138568822	2.1620437150557287E-4
85	85	0.004186344037651843	2.6548149477782193E-4	0.001964812887265793	8.995706507682008E-4	0.28228158066869846	0.0018117464590841285	0.0015745742998661588	0.007353043643141833	0.003266934373536016	0.6952394382149739	0.0011564732702359266
86	86	0.003233081997428607	2.0502936062991465E-4	0.0015174102073316164	6.947316441878353E-4	0.9390777701692056	0.0013991981566941298	0.001216031882885207	0.005678700272871791	0.0025230288325238707	0.005610627681275453	0.038844389794965975
87	87	0.7474801553191965	4.5076830396168426E-5	3.33610963557393E-4	1.5274056554482132E-4	0.0062104052174525365	3.076213953267842E-4	2.673512845806149E-4	0.16395242881963604	5.547017384188616E-4	0.06798385976279195	0.012712048103098325
88	88	7.650713923086852E-4	4.851782247590588E-5	3.5907754302239784E-4	1.6440019359930457E-4	0.1773182502474808	3.3110403098626095E-4	2.8775985467448126E-4	0.005834160896987316	0.8133526177974469	0.0013276900292826083	2.1135019173518812E-4
89	89	0.00295291493424393	1.8726226598771216E-4	0.0013859169876196912	0.24327228971923898	0.06046236711768728	0.001277948761013418	0.0011106550066915795	0.022517873514403833	0.41825483977240047	0.24776219218216813	8.157397385450119E-4
90	90	0.001219626138243567	7.734389895786497E-5	5.724176351763241E-4	2.62075899401968E-4	0.8553280591730605	5.278241151457408E-4	4.5872770022038035E-4	0.0021421947508766365	0.008110008570080382	0.13096480164219299	3.369204766436E-4
91	91	0.012352822388418772	6.149646954815873E-5	0.01183822410029954	2.0837768439446578E-4	0.3442738254262208	4.196752434413335E-4	0.011747828739874809	0.035852545405361556	0.1487369574376938	0.4285488139945151	0.005959433110231553
92	92	8.531871370353161E-4	0.8212893230528365	4.004336640800016E-4	1.8333469518678547E-4	0.002446825472629988	3.692383522609118E-4	3.209020870883139E-4	0.17175464987942135	6.658092024856328E-4	0.00148060438063919	2.3569207633587173E-4
93	93	0.0010040164693575363	6.367078067862262E-5	4.7122369310270446E-4	2.1574522795994423E-4	0.20323391611349315	4.3451356765245E-4	3.7763225264674503E-4	0.1490829994378424	7.835132243885568E-4	0.2197752242629132	0.42455754496996456
94	94	0.12619477636012066	3.876896690896898E-5	0.7179065464689692	1.313666883678611E-4	0.06633901470326511	2.6457414132934905E-4	0.007406135458097658	0.06565955023497748	0.011241373387031494	0.004649010731573619	1.6888285935863758E-4
95	95	0.001659027571003306	1.0520901184094369E-4	0.010515821722440484	3.564954285331357E-4	0.4137192602573368	0.1370384506395806	6.239960577956764E-4	0.05159985521411826	0.28367277491004	0.1002508045130667	4.583046742441002E-4
96	96	0.3697684894438423	5.1772504706044324E-5	3.831652542773113E-4	1.7542852012827637E-4	0.0071328935624172425	3.533152175355615E-4	3.0706341855600864E-4	0.5141336085945281	6.370966660775368E-4	0.03974943963053781	0.06730772718739388
97	97	0.1969822054699946	5.725981043056938E-5	4.2377648035518586E-4	1.9402197872585636E-4	0.15627322250445336	3.9076267399440186E-4	0.016237928927500606	0.6269198544069418	7.046217781557044E-4	0.0015669144967302006	2.4943147271770487E-4
98	98	0.10428848519583843	9.2587447938462E-5	6.852342422615365E-4	3.137278960428961E-4	0.06417036521755064	0.5833266028519573	5.491373933091063E-4	0.20822136641311126	0.0011393529198005952	0.03680981698606937	4.0332343612047754E-4
99	99	7.04929043395573E-4	4.47038309488602E-5	3.3085041664384046E-4	0.8483132265831443	0.006159015674458696	3.050759055612299E-4	2.651390198648111E-4	0.013650285626830454	5.501117208858467E-4	0.12948192624907184	1.9473592919449408E-4
100	100	0.016036388021364263	5.465313147410895E-5	4.0448460311566585E-4	1.8518937859615884E-4	0.11375175642924165	3.7297370767383546E-4	3.241484544840194E-4	0.21395770440341413	6.725447812608346E-4	0.03184472217530484	0.6223954349140705
101	101	0.002137798291458001	1.3557077030584554E-4	0.0010033512763531738	0.26395016385811204	0.646037118960585	9.251863797982586E-4	8.040720537425397E-4	0.041396446301016625	0.0016682925863800062	0.02880425448946166	0.013137745032786889
102	102	0.08404225474550565	3.919082852081096E-5	2.900490107785318E-4	1.3279614515548542E-4	0.01990803537888643	0.0038945948041140457	0.518913707155277	0.3384096486467617	0.004109412112072056	0.030089590627375297	1.7072054555308287E-4
103	103	0.013566075685667173	4.623413433553257E-5	0.021737201905356735	1.5666203155412516E-4	0.07483393392479731	0.20998677215174685	0.10297033912697577	0.5489932078577437	5.689431680269836E-4	0.026939227876233252	2.01402137562498E-4
104	104	0.20231240260336972	1.0837480551655074E-4	8.020755447081028E-4	3.672225606797549E-4	0.4662889779551303	7.395907963862518E-4	6.427724224702138E-4	0.12336373050327464	0.0013336273312141889	0.20356913017790826	4.720952993420396E-4
105	105	0.14468669400700826	5.54952479837222E-5	4.107170577432553E-4	1.8804284790184214E-4	0.23877157001905286	0.0055148490758661975	3.291430587770218E-4	0.0015370524440989288	0.09826934807650359	0.284005691759142	0.2262313964059222
106	106	0.0019651947220780904	1.2462492992798E-4	9.223417571986163E-4	0.31184391351641144	0.49006955694418053	0.08158942846355792	7.39152127915513E-4	0.0034517379433577104	0.10534080581993412	0.0034103607380069957	5.428830374311058E-4
107	107	0.29219930221073803	6.292912564634441E-5	0.4372762059562986	2.1323216730164725E-4	0.014494122993580695	4.294522322862449E-4	3.7323348672082244E-4	0.21723611442494972	0.0182468054919029	0.019194474134587275	2.741277759876281E-4
108	108	0.05323254928725762	8.021488520263202E-5	5.936656350702601E-4	2.718040914430481E-4	0.1966502610991419	0.06736296801151237	4.757555580756432E-4	0.2175162663423168	9.870999331122348E-4	0.22491358402078576	0.2379158311360816
109	109	0.18209780204559725	6.984445080569528E-5	5.169146616485602E-4	0.0067008227460853	0.29404570117844064	4.7664503523981626E-4	0.039199198463097724	0.12475349107883198	8.594845276460035E-4	0.20230020193292955	0.14897989387967742
110	110	0.13525736763917418	6.0464067452149344E-5	4.474909976151593E-4	2.0487944197972104E-4	0.10905830106556208	4.1262973978631833E-4	3.586131935681779E-4	0.06882663259921275	7.440523886176665E-4	0.6507901998616356	0.03383936900539617
111	111	7.650713923086852E-4	4.851782247590588E-5	3.5907754302239784E-4	1.6440019359930457E-4	0.1818086125251553	3.3110403098626095E-4	2.8775985467448126E-4	0.019305247730010768	0.7953911686867491	0.0013276900292826083	2.1135019173518812E-4
112	112	0.0018379965283995383	1.1655852012336151E-4	8.62642733915109E-4	3.9495266473356486E-4	0.12393452631552464	7.95439570228108E-4	6.91310143369019E-4	0.0032283225095005785	0.551601008779139	0.31602949756889476	5.077446661724339E-4
113	113	0.001899468545714079	1.2045683399744681E-4	0.023188241629995356	4.0816190461502783E-4	0.5740144857129912	8.220431433460133E-4	7.144310951479119E-4	0.0033362941482575604	0.0014823050918969568	0.3934893856457857	5.247262482527309E-4
114	114	0.0014234080073852425	9.026694463728692E-5	6.680603341708529E-4	3.058649876827681E-4	0.1461048350458373	6.160158825978168E-4	5.353744571623038E-4	0.7794477986833042	0.001110797513312256	0.06930436313377818	3.9321501013188246E-4
115	115	0.004291795686036319	2.7216882410099885E-4	0.002014305417231261	9.222303287852545E-4	0.3901498417257346	0.0018573833319371113	0.0016142369396137163	0.007538262670971	0.003349226610331374	0.5868049442847194	0.001185604180539077
116	116	0.014684978726832118	1.3557077030584554E-4	0.0010033512763531738	0.013006555150629652	0.1692442624163685	9.251863797982586E-4	0.08863433510136137	0.43035903979761425	0.11459291650474707	0.16682323927857698	5.905645974127701E-4
117	117	0.04726710284196206	7.122569328530305E-5	5.27137155787534E-4	2.4134466816113804E-4	0.3196367234057316	0.00707806457424243	0.39594204551247125	0.021748718995149022	0.06020442242248976	0.14697294598484195	3.102687458777886E-4
118	118	0.08735255636312109	3.904919156897528E-5	0.14485032511622065	0.0037463493242944276	0.07766061682076399	0.5604416183654021	0.0291438661484309	0.0733622080295028	0.014936659887054076	0.008296647197792061	1.7010355584910089E-4
119	119	0.0708334737510803	6.851576062752742E-5	0.038554203326035826	2.32162198073973E-4	0.14894578999848435	0.019491138660304826	0.013088741967603724	0.4267572131938191	0.03254906925624562	0.24918122797474296	2.984639129816966E-4
120	120	0.004772680189208994	3.026646303628704E-4	0.002240003081021467	0.001025563829704598	0.826030976513218	0.002065498285704793	0.0017951079748390753	0.008382905325119082	0.0037244987090853015	0.14834165342770844	0.0013184480340274825
121	121	0.0026334301380487486	1.6700179515926602E-4	0.15579743321973724	5.658771571879396E-4	0.22393836984435203	0.0011396836201095896	9.90489882955338E-4	0.004625450407821416	0.002055073200128766	0.607359708345022	7.274823894777953E-4
122	122	0.008259615665644046	7.625223563828414E-5	5.643382993240726E-4	2.5837685332104647E-4	0.045791577713365984	5.203741904140084E-4	0.8049734894114358	0.0021119589408846342	9.383367751268553E-4	0.13617351487115653	3.3216504368866357E-4
123	123	0.06251286911206726	8.266983204504903E-5	6.118345518814682E-4	2.801225549596205E-4	0.10320362359072698	5.641703034934449E-4	4.903158806655187E-4	0.7980100743048135	0.0010173097608495985	0.03286688914754309	3.6012096095437327E-4
124	124	0.0013663343361663292	8.664755659574557E-5	6.41273456712642E-4	2.936008739122892E-4	0.637443074093934	5.91315805201455E-4	5.139078182305644E-4	0.08259286708120928	0.27372242045152945	0.0023711100598342335	3.7744846667409033E-4
125	125	0.042138673994125506	8.805991413792523E-5	6.517262315948387E-4	2.983865761865634E-4	0.020282360722636037	6.009542689977593E-4	0.1390725169908253	0.65444009026619	0.13963387092964705	0.0024097592186555147	3.836008870034765E-4
126	126	0.013345401447298101	1.2320387982211567E-4	9.118246491651946E-4	0.046027930467601244	0.5528971729270692	8.407900264383763E-4	7.30723860712224E-4	0.09463329977782906	0.0015161094006974623	0.28843685081224757	5.366927511195369E-4
127	127	0.0804491093773718	1.4087346464418624E-4	0.0010425962044485295	4.7734262748519186E-4	0.4235850862076182	9.613739781057577E-4	0.09210116490445439	0.029977671630586605	0.027809443784024907	0.3428416739706675	6.136638505929383E-4
128	128	0.702383899383643	4.433695379455818E-5	3.281351804597921E-4	1.5023353100911593E-4	0.0430392462323534	3.0257219664629476E-4	2.6296306655079413E-4	0.23512291958373321	5.455970424248965E-4	0.017626959066656945	1.931377627280683E-4
129	129	0.0014000157708896725	8.878350088417304E-5	0.017091045837239482	3.008384133692421E-4	0.4641660588552544	0.2635493224244193	5.265761324018344E-4	0.002459037521009101	0.0010925427065419729	0.22428807933512124	0.02503769950286953
130	130	0.09680137214306626	4.9405211671140324E-5	0.6999567434544657	1.6740706711608128E-4	0.07996659608477458	3.3715991158027753E-4	2.930229718720261E-4	0.06538324839550358	0.04176038303211018	0.015069445948842611	2.1521577899747042E-4
131	131	0.12118671193134986	0.5970693023398781	3.8501006297180277E-4	1.762731480155435E-4	0.0023525804991012754	3.550163085868237E-4	3.0854182312946304E-4	0.2277296554876573	0.048786718951585775	0.0014235755805793923	2.2661386714454518E-4
132	132	6.878535962766051E-4	4.362097316546455E-5	3.228362500456284E-4	1.4780746677066418E-4	0.010046981324881223	0.37575310647846566	0.008333026692097248	0.42107229657914075	0.01264825157735184	0.17075420020745963	1.9001885434522062E-4
133	133	0.13141961145586134	6.404820266987546E-5	0.018257150171044182	2.1702410333530585E-4	0.25778802764728687	4.3708923853604616E-4	3.7987074752989457E-4	0.10254503185002134	7.881576643996552E-4	0.48782498629257354	2.790026267418471E-4
134	134	0.27793198103774525	5.2527575842630226E-5	3.8875349123223727E-4	1.7798704057913988E-4	0.012098390641821152	0.08300342540771848	0.07323356290107333	0.025762197180655737	0.1221830902505505	0.030606225373256808	0.3745618590995247
135	135	0.0017439324576252674	1.105933462414635E-4	8.184948337846565E-4	3.747399739945162E-4	0.27112437248115634	7.547309601331015E-4	6.559306172121017E-4	0.0030631050282247797	0.0013609280173104933	0.7195114127217488	4.817595625685166E-4
136	136	0.042180770952875084	5.57817502177601E-5	4.128374438821808E-4	0.4958028809039837	0.09545021812313904	3.806758302424054E-4	0.005493486757964087	0.07898465445838797	6.864332195918629E-4	0.2803092677170403	2.4299284267554814E-4
137	137	0.0020854648830982607	1.3225199111493243E-4	9.78789187271399E-4	4.4812919940884986E-4	0.34870152699245077	9.025377712666134E-4	7.843883299285101E-4	0.5177440278081157	0.0016274527010010128	0.12601932358960935	5.761075467346494E-4
138	138	0.0015531635806834076	9.849553341191429E-5	7.289596344476159E-4	3.3374714559019676E-4	0.7519530097060497	6.721708947886549E-4	5.841783273512167E-4	0.1485814457032555	0.0012120560192432253	0.09385371360027668	4.290598549018875E-4
139	139	0.03029163275428695	5.304331258421602E-5	3.925704284434439E-4	0.005088934502195905	0.10058277592479918	0.4863727791478513	0.010133000424471905	0.1831095379710317	6.527348405681316E-4	0.18309192685551456	2.3106383825265145E-4
140	140	6.091572088551394E-4	3.863035739706152E-5	2.859009970429422E-4	0.7080342936207897	0.0017469805987021627	0.021715246296325603	2.2911716691576732E-4	0.1476560022716222	4.753734061504329E-4	0.11904101901860686	1.6827905759213188E-4
141	141	0.4623532229022744	5.665928545464242E-5	0.01090705407161023	1.919871301430982E-4	0.19658516054910022	3.86664463685477E-4	3.360469806015018E-4	0.04876404198704052	0.10557445231268826	0.15362245073026093	0.021222259587140718
142	142	0.05821653390204776	6.184848304544038E-5	4.577369757813828E-4	2.0957046436993583E-4	0.2947273642291612	0.5098692293334091	0.011815074783600143	0.1219196493872318	7.610885850304025E-4	0.001692483505550245	2.69420350772663E-4
143	143	0.6275177447380081	1.1655852012336151E-4	8.62642733915109E-4	0.021970116396099377	0.10235936258415883	0.14103400382410589	6.91310143369019E-4	0.014015904375183486	0.012221915494993593	0.07870269652387078	5.077446661724339E-4
144	144	0.06251286911206726	8.266983204504903E-5	6.118345518814682E-4	2.801225549596205E-4	0.11850593834325411	5.641703034934449E-4	4.903158806655187E-4	0.7674054447997593	0.0010173097608495985	0.04816920390007023	3.6012096095437327E-4
145	145	0.024288879869614255	6.292912564634441E-5	4.6573474794460494E-4	2.1323216730164725E-4	0.02031826260969208	4.294522322862449E-4	3.7323348672082244E-4	0.24635681250550664	0.029895084724125675	0.007546194902364502	0.6700501836287971
146	146	0.0015118190854020162	9.587362792363649E-5	7.095550665440323E-4	3.248629511256574E-4	0.27940424113247186	6.54278016837158E-4	5.68627770797453E-4	0.011528591815145093	0.0011797916492878508	0.7036047204042126	4.176384802527214E-4
147	147	0.013019744691642745	6.4816631193942E-5	4.7970406519516926E-4	2.1962788461972978E-4	0.03892418077439028	0.03043648191327396	3.844283073940645E-4	0.9016196856961817	7.976137116506301E-4	0.013771366319214485	2.823500052433638E-4
148	148	0.031192268735948638	8.081485062366633E-5	0.02303653814443016	2.7383704400228367E-4	0.0036546898770679686	5.51511206388882E-4	0.04535617836233852	0.3836916771454378	0.060830302126511325	0.0994447042857367	0.35188747822151395
149	149	0.14809954655665114	7.217727756228268E-5	5.341797749060297E-4	2.445690634735863E-4	0.009944136205113968	4.925651302334091E-4	4.280843995510408E-4	0.48296365112998274	0.12780939395140328	0.20905709268785963	0.020354603823262762
150	150	0.13796200257124494	6.723667954529535E-5	4.976147003319978E-4	2.2782809636005978E-4	0.04037748678205652	4.5884861462268476E-4	3.987816465662108E-4	0.6801482273799992	0.031941429519802285	0.10762765194654694	2.928920629237339E-4
151	151	0.42944202916660557	6.0127593644990515E-5	0.006009856421101751	2.0373931746021115E-4	0.03610828396131509	0.06162374562405372	0.07826459661099179	0.32442698205357917	0.02299933442964707	0.040599380897629	2.619239239715478E-4
152	152	0.030243037525351544	2.7920175915603656E-4	0.002066355754837676	0.3110301456098528	0.5035928079461546	0.001905378749446707	0.053336630127494816	0.0077330539442473254	0.0034357717659452424	0.08516137622139558	0.0012162405961177337
153	153	0.21038916235378005	5.03256662629954E-5	0.5313479349865856	1.705259810610649E-4	0.10940250900068606	3.4344144298771806E-4	2.984822003796165E-4	0.1364665797259917	6.19292313098036E-4	0.01069252092557101	2.1922540359611584E-4
154	154	0.26365953368989853	5.914027240848384E-5	0.3616872612363896	2.0039382926343544E-4	0.21066667572299025	4.035956600855042E-4	3.507617474408675E-4	0.05089931339075904	0.11019732809986024	0.0016183733316719774	2.576230192319846E-4
155	155	0.023712791335728935	8.081485062366633E-5	5.981059437710553E-4	2.7383704400228367E-4	0.43746437908981073	5.51511206388882E-4	4.793139610202989E-4	0.4809248833482939	9.94482924753706E-4	0.054567839884418476	3.5204041118796234E-4
156	156	0.0013886056232128505	8.805991413792523E-5	6.517262315948387E-4	0.008448400250369094	0.1343825521611915	0.44070169267485443	5.222845297222613E-4	0.3691896116698014	0.033683693165274156	0.0024097592186555147	0.008533614561186008
157	157	0.16709169440410293	8.527978837245755E-5	6.311506847501066E-4	2.8896626029542306E-4	0.6905224532818429	5.819816358369812E-4	5.05795566586188E-4	0.07339639297374359	0.0010494270880726294	0.06547536803295297	3.714902834439015E-4
158	158	0.03179946667514592	1.0837480551655074E-4	8.020755447081028E-4	3.672225606797549E-4	0.4261682871484894	0.020799936199706697	6.427724224702138E-4	0.05315252159165307	0.031424145436194865	0.4342631023160934	4.720952993420396E-4
159	159	0.001447595227715671	9.180080314248624E-5	6.794123305153817E-4	0.4336190915886669	0.31851223465832346	6.264835150701162E-4	5.444717924923582E-4	0.08750496643857938	0.0011296727086586203	0.155444374231759	3.998967050766528E-4
160	160	0.003114868819103222	1.975327452055733E-4	0.0014619281986554624	6.69329741047741E-4	0.4476964509706034	0.0013480384083978032	0.0011715693564367	0.46251630384556186	0.0024307777675844585	0.07853272081336307	8.604793340407738E-4
161	161	0.0011458084131075355	7.266266878806645E-5	5.377721267442767E-4	2.46213787152805E-4	0.01673599700677284	0.14844558323652232	4.3096326140971487E-4	0.8291858927771419	8.941646593306274E-4	0.001988413657659296	3.1652840537051694E-4
162	162	0.00194278636309673	1.2320387982211567E-4	0.012314439733366567	4.174701307957472E-4	0.302039641074639	8.407900264383763E-4	7.30723860712224E-4	0.08323068469362768	0.0015161094006974623	0.5849048430014833	0.01193930783532091
163	163	0.004772680189208994	3.026646303628704E-4	0.03025185047261959	0.001025563829704598	0.9100665186880122	0.002065498285704793	0.0017951079748390753	0.008382905325119082	0.03173634610068342	0.00828241646971784	0.0013184480340274825
164	164	0.02291868585983174	1.1409686165198495E-4	8.444241447337596E-4	0.04262562528283616	0.036839062583120516	7.786402787267421E-4	6.767100140179274E-4	0.0031601419299476046	0.022523548122130244	0.8690220435738176	4.970213491857666E-4
165	165	0.003360621809978911	2.1311743456149006E-4	0.0015772695655411869	7.221376746389507E-4	0.502742425458461	0.0014543942422766889	0.0012640023576587277	0.12424782358126063	0.35765788173458135	0.005831957793944586	9.28368347096586E-4
166	166	0.29385970409697226	7.904128804090766E-5	0.029846311116228593	0.19046648024621177	0.20840380249067314	5.394077423340097E-4	4.6879493759701606E-4	0.27285652099549673	9.726580040748442E-4	0.002162964549484522	3.4431453288609606E-4
167	167	0.0561625601741441	4.986119135252151E-5	3.690197368590534E-4	1.6895213126098685E-4	0.029943025271165397	0.009569655918002361	2.9572739346707866E-4	0.8827871996996095	6.135766263909752E-4	0.019823219769634245	2.1720208811377756E-4
168	168	0.10522290929277249	5.1281069432783185E-5	0.04309445460195146	1.737633164991197E-4	0.13520996596170246	3.49961476752442E-4	3.0414870937082696E-4	0.23872547913792552	0.46574913701923204	0.01089551214543737	2.2338726892342587E-4
169	169	0.0021649624661566817	1.372934155635097E-4	0.0010161004723198397	4.652118117988424E-4	0.8829650890882456	0.026350167557391425	0.05164073947120031	0.02921584231068612	0.0016894909339724878	0.0037570337997000574	5.980686729652094E-4
